>    1LINE      Reykjanes                            113
      -22.2560000000       64.0060000000         .0000000000
      -22.3190000000       63.9870000000         .0000000000
      -22.3930000000       63.9650000000         .0000000000
      -22.4560000000       63.9490000000         .0000000000
      -22.5060000000       63.9360000000         .0000000000
      -22.5790000000       63.9120000000         .0000000000
      -22.6350000000       63.8920000000         .0000000000
      -22.6780000000       63.8750000000         .0000000000
      -22.7130000000       63.8610000000         .0000000000
      -22.7200000000       63.8580000000         .0000000000
      -22.7130000000       63.8560000000         .0000000000
      -22.7090000000       63.8550000000         .0000000000
      -22.7060000000       63.8540000000         .0000000000
      -22.7030000000       63.8530000000         .0000000000
      -22.7020000000       63.8510000000         .0000000000
      -22.7030000000       63.8480000000         .0000000000
      -22.7040000000       63.8460000000         .0000000000
      -22.7040000000       63.8440000000         .0000000000
      -22.7050000000       63.8420000000         .0000000000
      -22.7050000000       63.8390000000         .0000000000
      -22.7030000000       63.8370000000         .0000000000
      -22.7010000000       63.8330000000         .0000000000
      -22.7020000000       63.8300000000         .0000000000
      -22.7060000000       63.8270000000         .0000000000
      -22.7080000000       63.8240000000         .0000000000
      -22.7090000000       63.8210000000         .0000000000
      -22.7120000000       63.8190000000         .0000000000
      -22.7170000000       63.8150000000         .0000000000
      -22.7200000000       63.8130000000         .0000000000
      -22.7230000000       63.8100000000         .0000000000
      -22.7240000000       63.8080000000         .0000000000
      -22.7210000000       63.8060000000         .0000000000
      -22.7130000000       63.8050000000         .0000000000
      -22.7070000000       63.8040000000         .0000000000
      -22.7010000000       63.8010000000         .0000000000
      -22.6960000000       63.7990000000         .0000000000
      -22.6940000000       63.7950000000         .0000000000
      -22.6900000000       63.7930000000         .0000000000
      -22.6870000000       63.7910000000         .0000000000
      -22.6830000000       63.7890000000         .0000000000
      -22.6720000000       63.7900000000         .0000000000
      -22.6620000000       63.7940000000         .0000000000
      -22.6530000000       63.7980000000         .0000000000
      -22.6450000000       63.8010000000         .0000000000
      -22.6330000000       63.8050000000         .0000000000
      -22.6240000000       63.8070000000         .0000000000
      -22.6140000000       63.8100000000         .0000000000
      -22.6020000000       63.8110000000         .0000000000
      -22.5930000000       63.8100000000         .0000000000
      -22.5850000000       63.8080000000         .0000000000
      -22.5770000000       63.8050000000         .0000000000
      -22.5670000000       63.8020000000         .0000000000
      -22.5590000000       63.8010000000         .0000000000
      -22.5500000000       63.8000000000         .0000000000
      -22.5380000000       63.7990000000         .0000000000
      -22.5300000000       63.7980000000         .0000000000
      -22.5210000000       63.7990000000         .0000000000
      -22.5100000000       63.8000000000         .0000000000
      -22.5050000000       63.8020000000         .0000000000
      -22.5010000000       63.8050000000         .0000000000
      -22.4980000000       63.8090000000         .0000000000
      -22.4950000000       63.8120000000         .0000000000
      -22.4940000000       63.8140000000         .0000000000
      -22.4870000000       63.8180000000         .0000000000
      -22.4750000000       63.8190000000         .0000000000
      -22.4690000000       63.8170000000         .0000000000
      -22.4600000000       63.8160000000         .0000000000
      -22.4550000000       63.8150000000         .0000000000
      -22.4490000000       63.8140000000         .0000000000
      -22.4430000000       63.8160000000         .0000000000
      -22.4400000000       63.8180000000         .0000000000
      -22.4300000000       63.8210000000         .0000000000
      -22.4220000000       63.8220000000         .0000000000
      -22.4150000000       63.8220000000         .0000000000
      -22.4090000000       63.8240000000         .0000000000
      -22.4070000000       63.8200000000         .0000000000
      -22.4010000000       63.8170000000         .0000000000
      -22.3960000000       63.8140000000         .0000000000
      -22.3920000000       63.8140000000         .0000000000
      -22.3850000000       63.8150000000         .0000000000
      -22.3810000000       63.8170000000         .0000000000
      -22.3810000000       63.8210000000         .0000000000
      -22.3810000000       63.8240000000         .0000000000
      -22.3800000000       63.8250000000         .0000000000
      -22.3770000000       63.8260000000         .0000000000
      -22.3690000000       63.8280000000         .0000000000
      -22.3640000000       63.8310000000         .0000000000
      -22.3550000000       63.8340000000         .0000000000
      -22.3490000000       63.8380000000         .0000000000
      -22.3390000000       63.8410000000         .0000000000
      -22.3320000000       63.8440000000         .0000000000
      -22.3250000000       63.8450000000         .0000000000
      -22.3180000000       63.8440000000         .0000000000
      -22.3110000000       63.8430000000         .0000000000
      -22.3050000000       63.8420000000         .0000000000
      -22.3000000000       63.8410000000         .0000000000
      -22.2910000000       63.8380000000         .0000000000
      -22.2710000000       63.8540000000         .0000000000
      -22.2590000000       63.8680000000         .0000000000
      -22.2450000000       63.8920000000         .0000000000
      -22.2230000000       63.9100000000         .0000000000
      -22.2120000000       63.9160000000         .0000000000
      -22.2020000000       63.9270000000         .0000000000
      -22.1910000000       63.9370000000         .0000000000
      -22.1860000000       63.9450000000         .0000000000
      -22.1760000000       63.9560000000         .0000000000
      -22.1630000000       63.9660000000         .0000000000
      -22.1510000000       63.9710000000         .0000000000
      -22.1410000000       63.9750000000         .0000000000
      -22.1340000000       63.9780000000         .0000000000
      -22.1260000000       63.9810000000         .0000000000
      -22.1230000000       63.9830000000         .0000000000
      -22.2560000000       64.0060000000         .0000000000
>    2LINE      Thordarhyrna                          18
      -18.1680000000       63.9070000000         .0000000000
      -18.0730000000       63.9600000000         .0000000000
      -17.9820000000       64.0020000000         .0000000000
      -17.8910000000       64.0420000000         .0000000000
      -17.8320000000       64.0700000000         .0000000000
      -17.8030000000       64.0850000000         .0000000000
      -17.7540000000       64.1110000000         .0000000000
      -17.7080000000       64.1350000000         .0000000000
      -17.6320000000       64.1690000000         .0000000000
      -17.7980000000       64.2550000000         .0000000000
      -18.0160000000       64.1650000000         .0000000000
      -18.1180000000       64.1200000000         .0000000000
      -18.2350000000       64.0670000000         .0000000000
      -18.3500000000       64.0170000000         .0000000000
      -18.4260000000       63.9880000000         .0000000000
      -18.4720000000       63.9660000000         .0000000000
      -18.4890000000       63.9560000000         .0000000000
      -18.1680000000       63.9070000000         .0000000000
>    3LINE      Krisuvik                              46
      -21.6110000000       64.1260000000         .0000000000
      -21.7690000000       64.1350000000         .0000000000
      -21.8060000000       64.1190000000         .0000000000
      -21.8600000000       64.0950000000         .0000000000
      -21.9090000000       64.0720000000         .0000000000
      -21.9580000000       64.0480000000         .0000000000
      -22.0130000000       64.0190000000         .0000000000
      -22.0390000000       63.9990000000         .0000000000
      -22.0670000000       63.9760000000         .0000000000
      -22.0980000000       63.9520000000         .0000000000
      -22.1230000000       63.9350000000         .0000000000
      -22.1580000000       63.9120000000         .0000000000
      -22.1720000000       63.8970000000         .0000000000
      -22.1920000000       63.8790000000         .0000000000
      -22.2130000000       63.8630000000         .0000000000
      -22.2350000000       63.8480000000         .0000000000
      -22.2450000000       63.8360000000         .0000000000
      -22.2500000000       63.8310000000         .0000000000
      -22.2360000000       63.8290000000         .0000000000
      -22.2260000000       63.8260000000         .0000000000
      -22.2120000000       63.8240000000         .0000000000
      -22.1970000000       63.8220000000         .0000000000
      -22.1840000000       63.8210000000         .0000000000
      -22.1710000000       63.8210000000         .0000000000
      -22.1580000000       63.8210000000         .0000000000
      -22.1450000000       63.8220000000         .0000000000
      -22.1340000000       63.8220000000         .0000000000
      -22.1260000000       63.8240000000         .0000000000
      -22.1210000000       63.8240000000         .0000000000
      -22.1150000000       63.8240000000         .0000000000
      -22.1110000000       63.8240000000         .0000000000
      -22.1050000000       63.8230000000         .0000000000
      -22.1020000000       63.8240000000         .0000000000
      -22.0980000000       63.8250000000         .0000000000
      -22.0940000000       63.8250000000         .0000000000
      -22.0890000000       63.8250000000         .0000000000
      -22.0620000000       63.8400000000         .0000000000
      -22.0480000000       63.8470000000         .0000000000
      -22.0080000000       63.8790000000         .0000000000
      -21.8670000000       63.9590000000         .0000000000
      -21.8340000000       63.9830000000         .0000000000
      -21.8010000000       64.0110000000         .0000000000
      -21.7660000000       64.0370000000         .0000000000
      -21.7250000000       64.0630000000         .0000000000
      -21.6820000000       64.0860000000         .0000000000
      -21.6110000000       64.1260000000         .0000000000
>    4LINE      Brennisteinsfjoll                     55
      -21.3810000000       64.1260000000         .0000000000
      -21.4720000000       64.1300000000         .0000000000
      -21.5160000000       64.1060000000         .0000000000
      -21.5780000000       64.0740000000         .0000000000
      -21.6350000000       64.0470000000         .0000000000
      -21.6670000000       64.0300000000         .0000000000
      -21.6930000000       64.0140000000         .0000000000
      -21.7180000000       64.0000000000         .0000000000
      -21.7430000000       63.9850000000         .0000000000
      -21.7730000000       63.9690000000         .0000000000
      -21.8060000000       63.9510000000         .0000000000
      -21.8400000000       63.9330000000         .0000000000
      -21.8800000000       63.9070000000         .0000000000
      -21.9140000000       63.8850000000         .0000000000
      -21.9460000000       63.8640000000         .0000000000
      -21.9680000000       63.8450000000         .0000000000
      -21.9840000000       63.8330000000         .0000000000
      -21.9900000000       63.8270000000         .0000000000
      -21.9780000000       63.8260000000         .0000000000
      -21.9700000000       63.8250000000         .0000000000
      -21.9640000000       63.8250000000         .0000000000
      -21.9530000000       63.8260000000         .0000000000
      -21.9320000000       63.8280000000         .0000000000
      -21.9260000000       63.8290000000         .0000000000
      -21.9150000000       63.8280000000         .0000000000
      -21.9050000000       63.8270000000         .0000000000
      -21.8960000000       63.8280000000         .0000000000
      -21.8850000000       63.8300000000         .0000000000
      -21.8780000000       63.8310000000         .0000000000
      -21.8690000000       63.8330000000         .0000000000
      -21.8620000000       63.8340000000         .0000000000
      -21.8520000000       63.8340000000         .0000000000
      -21.8410000000       63.8370000000         .0000000000
      -21.8260000000       63.8410000000         .0000000000
      -21.8140000000       63.8460000000         .0000000000
      -21.8050000000       63.8490000000         .0000000000
      -21.8020000000       63.8510000000         .0000000000
      -21.8000000000       63.8540000000         .0000000000
      -21.7990000000       63.8560000000         .0000000000
      -21.7960000000       63.8550000000         .0000000000
      -21.7890000000       63.8550000000         .0000000000
      -21.7750000000       63.8570000000         .0000000000
      -21.7620000000       63.8580000000         .0000000000
      -21.7540000000       63.8580000000         .0000000000
      -21.7460000000       63.8590000000         .0000000000
      -21.7420000000       63.8580000000         .0000000000
      -21.6850000000       63.8960000000         .0000000000
      -21.6330000000       63.9290000000         .0000000000
      -21.5850000000       63.9580000000         .0000000000
      -21.5450000000       63.9870000000         .0000000000
      -21.5060000000       64.0190000000         .0000000000
      -21.4850000000       64.0460000000         .0000000000
      -21.4520000000       64.0750000000         .0000000000
      -21.4230000000       64.0960000000         .0000000000
      -21.3810000000       64.1260000000         .0000000000
>    5LINE      Grimsnes                              31
      -20.5360000000       64.1390000000         .0000000000
      -20.5670000000       64.1550000000         .0000000000
      -20.6470000000       64.1390000000         .0000000000
      -20.7070000000       64.1240000000         .0000000000
      -20.7560000000       64.1100000000         .0000000000
      -20.8000000000       64.0980000000         .0000000000
      -20.8240000000       64.0910000000         .0000000000
      -20.8390000000       64.0870000000         .0000000000
      -20.8180000000       64.0890000000         .0000000000
      -20.8010000000       64.0900000000         .0000000000
      -20.7830000000       64.0920000000         .0000000000
      -20.7740000000       64.0920000000         .0000000000
      -20.7600000000       64.0920000000         .0000000000
      -20.7490000000       64.0900000000         .0000000000
      -20.7420000000       64.0880000000         .0000000000
      -20.7370000000       64.0850000000         .0000000000
      -20.7350000000       64.0810000000         .0000000000
      -20.7360000000       64.0770000000         .0000000000
      -20.7390000000       64.0720000000         .0000000000
      -20.7460000000       64.0650000000         .0000000000
      -20.7520000000       64.0610000000         .0000000000
      -20.7580000000       64.0560000000         .0000000000
      -20.7600000000       64.0540000000         .0000000000
      -20.7620000000       64.0510000000         .0000000000
      -20.7640000000       64.0490000000         .0000000000
      -20.7190000000       64.0630000000         .0000000000
      -20.6670000000       64.0840000000         .0000000000
      -20.6100000000       64.1100000000         .0000000000
      -20.5910000000       64.1190000000         .0000000000
      -20.5630000000       64.1290000000         .0000000000
      -20.5360000000       64.1390000000         .0000000000
>    6LINE      Hengill                              105
      -19.7830000000       65.0870000000         .0000000000
      -20.0340000000       65.0720000000         .0000000000
      -20.0250000000       65.0400000000         .0000000000
      -20.0190000000       65.0150000000         .0000000000
      -20.0200000000       64.9940000000         .0000000000
      -20.0290000000       64.9500000000         .0000000000
      -20.0300000000       64.9200000000         .0000000000
      -20.0380000000       64.8990000000         .0000000000
      -20.0440000000       64.8870000000         .0000000000
      -20.2100000000       64.7040000000         .0000000000
      -20.5210000000       64.7350000000         .0000000000
      -20.6270000000       64.6880000000         .0000000000
      -20.6740000000       64.6560000000         .0000000000
      -20.7140000000       64.6240000000         .0000000000
      -20.7710000000       64.5850000000         .0000000000
      -20.8180000000       64.5540000000         .0000000000
      -20.8470000000       64.5280000000         .0000000000
      -20.9040000000       64.4870000000         .0000000000
      -20.9560000000       64.4470000000         .0000000000
      -21.0040000000       64.4080000000         .0000000000
      -21.0410000000       64.3760000000         .0000000000
      -21.0740000000       64.3420000000         .0000000000
      -21.0920000000       64.3190000000         .0000000000
      -21.1180000000       64.2950000000         .0000000000
      -21.1330000000       64.2820000000         .0000000000
      -21.1400000000       64.2760000000         .0000000000
      -21.0860000000       64.2800000000         .0000000000
      -21.1330000000       64.2450000000         .0000000000
      -21.1970000000       64.2030000000         .0000000000
      -21.2320000000       64.1730000000         .0000000000
      -21.2710000000       64.1410000000         .0000000000
      -21.3060000000       64.1140000000         .0000000000
      -21.3440000000       64.0860000000         .0000000000
      -21.3730000000       64.0670000000         .0000000000
      -21.4000000000       64.0480000000         .0000000000
      -21.4180000000       64.0330000000         .0000000000
      -21.4530000000       64.0070000000         .0000000000
      -21.4730000000       63.9890000000         .0000000000
      -21.4840000000       63.9770000000         .0000000000
      -21.4990000000       63.9630000000         .0000000000
      -21.5250000000       63.9460000000         .0000000000
      -21.5470000000       63.9330000000         .0000000000
      -21.5780000000       63.9140000000         .0000000000
      -21.6110000000       63.8960000000         .0000000000
      -21.6450000000       63.8790000000         .0000000000
      -21.6590000000       63.8710000000         .0000000000
      -21.5430000000       63.8610000000         .0000000000
      -21.4130000000       63.9180000000         .0000000000
      -21.2990000000       63.9810000000         .0000000000
      -21.1750000000       64.0420000000         .0000000000
      -21.1520000000       64.0540000000         .0000000000
      -21.1330000000       64.0600000000         .0000000000
      -21.1140000000       64.0650000000         .0000000000
      -21.0950000000       64.0750000000         .0000000000
      -21.0620000000       64.0910000000         .0000000000
      -21.0380000000       64.1000000000         .0000000000
      -21.0100000000       64.1080000000         .0000000000
      -20.9670000000       64.1220000000         .0000000000
      -20.9290000000       64.1350000000         .0000000000
      -20.8970000000       64.1460000000         .0000000000
      -20.8670000000       64.1590000000         .0000000000
      -20.8310000000       64.1730000000         .0000000000
      -20.7930000000       64.1980000000         .0000000000
      -20.7470000000       64.2250000000         .0000000000
      -20.7100000000       64.2550000000         .0000000000
      -20.6870000000       64.2710000000         .0000000000
      -20.6750000000       64.2780000000         .0000000000
      -20.5690000000       64.2850000000         .0000000000
      -20.5220000000       64.2920000000         .0000000000
      -20.4760000000       64.3040000000         .0000000000
      -20.4310000000       64.3180000000         .0000000000
      -20.3860000000       64.3340000000         .0000000000
      -20.3390000000       64.3510000000         .0000000000
      -20.3020000000       64.3680000000         .0000000000
      -20.2610000000       64.3880000000         .0000000000
      -20.2130000000       64.4130000000         .0000000000
      -20.1600000000       64.4410000000         .0000000000
      -20.1180000000       64.4620000000         .0000000000
      -20.0670000000       64.4880000000         .0000000000
      -20.0170000000       64.5140000000         .0000000000
      -19.9730000000       64.5350000000         .0000000000
      -19.9360000000       64.5540000000         .0000000000
      -19.8990000000       64.5770000000         .0000000000
      -19.8600000000       64.5990000000         .0000000000
      -19.8110000000       64.6260000000         .0000000000
      -19.7830000000       64.6510000000         .0000000000
      -19.7560000000       64.6760000000         .0000000000
      -19.7270000000       64.7030000000         .0000000000
      -19.7070000000       64.7310000000         .0000000000
      -19.6910000000       64.7580000000         .0000000000
      -19.6730000000       64.7850000000         .0000000000
      -19.6650000000       64.8140000000         .0000000000
      -19.6630000000       64.8340000000         .0000000000
      -19.6630000000       64.8540000000         .0000000000
      -19.6660000000       64.8730000000         .0000000000
      -19.6750000000       64.8970000000         .0000000000
      -19.6890000000       64.9100000000         .0000000000
      -19.7030000000       64.9240000000         .0000000000
      -19.7130000000       64.9380000000         .0000000000
      -19.7230000000       64.9550000000         .0000000000
      -19.7330000000       64.9830000000         .0000000000
      -19.7450000000       65.0110000000         .0000000000
      -19.7550000000       65.0440000000         .0000000000
      -19.7720000000       65.0710000000         .0000000000
      -19.7830000000       65.0870000000         .0000000000
>    7LINE      Kerlingafjoll                         75
      -18.9440000000       65.1900000000         .0000000000
      -19.2760000000       65.1770000000         .0000000000
      -19.2320000000       65.1340000000         .0000000000
      -19.2100000000       65.1040000000         .0000000000
      -19.1850000000       65.0730000000         .0000000000
      -19.1550000000       65.0370000000         .0000000000
      -19.1430000000       65.0150000000         .0000000000
      -19.1360000000       64.9970000000         .0000000000
      -19.1200000000       64.9750000000         .0000000000
      -19.1100000000       64.9560000000         .0000000000
      -19.1040000000       64.9340000000         .0000000000
      -19.0980000000       64.8940000000         .0000000000
      -19.0990000000       64.8760000000         .0000000000
      -19.1020000000       64.8600000000         .0000000000
      -19.1170000000       64.8430000000         .0000000000
      -19.1420000000       64.8190000000         .0000000000
      -19.1760000000       64.7930000000         .0000000000
      -19.2060000000       64.7680000000         .0000000000
      -19.2430000000       64.7410000000         .0000000000
      -19.2870000000       64.7140000000         .0000000000
      -19.3290000000       64.6900000000         .0000000000
      -19.3760000000       64.6660000000         .0000000000
      -19.4180000000       64.6450000000         .0000000000
      -19.4520000000       64.6290000000         .0000000000
      -19.4830000000       64.6130000000         .0000000000
      -19.5040000000       64.6040000000         .0000000000
      -19.5100000000       64.6000000000         .0000000000
      -19.4220000000       64.5680000000         .0000000000
      -19.3250000000       64.5450000000         .0000000000
      -19.2550000000       64.5340000000         .0000000000
      -19.1870000000       64.5310000000         .0000000000
      -19.1440000000       64.5310000000         .0000000000
      -19.0890000000       64.5600000000         .0000000000
      -19.0540000000       64.5770000000         .0000000000
      -19.0260000000       64.5900000000         .0000000000
      -18.9760000000       64.6050000000         .0000000000
      -18.9190000000       64.6190000000         .0000000000
      -18.8660000000       64.6280000000         .0000000000
      -18.8240000000       64.6350000000         .0000000000
      -18.7950000000       64.6390000000         .0000000000
      -18.7530000000       64.6480000000         .0000000000
      -18.7200000000       64.6590000000         .0000000000
      -18.6890000000       64.6680000000         .0000000000
      -18.6540000000       64.6810000000         .0000000000
      -18.6240000000       64.6940000000         .0000000000
      -18.5990000000       64.7050000000         .0000000000
      -18.5770000000       64.7150000000         .0000000000
      -18.5520000000       64.7290000000         .0000000000
      -18.5280000000       64.7400000000         .0000000000
      -18.5050000000       64.7520000000         .0000000000
      -18.4850000000       64.7650000000         .0000000000
      -18.4700000000       64.7740000000         .0000000000
      -18.4590000000       64.7810000000         .0000000000
      -18.4500000000       64.7930000000         .0000000000
      -18.4500000000       64.8150000000         .0000000000
      -18.4490000000       64.8330000000         .0000000000
      -18.4470000000       64.8520000000         .0000000000
      -18.4530000000       64.8680000000         .0000000000
      -18.4650000000       64.8840000000         .0000000000
      -18.4780000000       64.9010000000         .0000000000
      -18.4920000000       64.9180000000         .0000000000
      -18.5020000000       64.9320000000         .0000000000
      -18.5120000000       64.9490000000         .0000000000
      -18.5370000000       64.9680000000         .0000000000
      -18.5670000000       64.9870000000         .0000000000
      -18.5870000000       65.0020000000         .0000000000
      -18.6050000000       65.0150000000         .0000000000
      -18.6180000000       65.0240000000         .0000000000
      -18.6250000000       65.0280000000         .0000000000
      -18.6290000000       65.0330000000         .0000000000
      -18.7890000000       65.0460000000         .0000000000
      -18.8230000000       65.0840000000         .0000000000
      -18.8720000000       65.1350000000         .0000000000
      -18.9120000000       65.1690000000         .0000000000
      -18.9440000000       65.1900000000         .0000000000
>    8LINE      Tungnafellsjokull                     45
      -17.2100000000       65.0630000000         .0000000000
      -17.2490000000       65.0410000000         .0000000000
      -17.3180000000       65.0050000000         .0000000000
      -17.3880000000       64.9810000000         .0000000000
      -17.4610000000       64.9620000000         .0000000000
      -17.5500000000       64.9420000000         .0000000000
      -17.6250000000       64.9250000000         .0000000000
      -17.7100000000       64.9120000000         .0000000000
      -17.7520000000       64.9080000000         .0000000000
      -17.7680000000       64.8900000000         .0000000000
      -17.7980000000       64.8650000000         .0000000000
      -17.8230000000       64.8470000000         .0000000000
      -17.8370000000       64.8340000000         .0000000000
      -17.8540000000       64.8240000000         .0000000000
      -17.8650000000       64.8170000000         .0000000000
      -17.8370000000       64.8210000000         .0000000000
      -17.7940000000       64.8230000000         .0000000000
      -17.7480000000       64.8190000000         .0000000000
      -17.7190000000       64.8150000000         .0000000000
      -17.6960000000       64.8090000000         .0000000000
      -17.6800000000       64.7980000000         .0000000000
      -17.6680000000       64.7770000000         .0000000000
      -17.6700000000       64.7610000000         .0000000000
      -17.6780000000       64.7470000000         .0000000000
      -17.6880000000       64.7350000000         .0000000000
      -17.7050000000       64.7170000000         .0000000000
      -17.7260000000       64.6980000000         .0000000000
      -17.6850000000       64.7200000000         .0000000000
      -17.6410000000       64.7450000000         .0000000000
      -17.5810000000       64.7760000000         .0000000000
      -17.5270000000       64.8020000000         .0000000000
      -17.4700000000       64.8310000000         .0000000000
      -17.4210000000       64.8570000000         .0000000000
      -17.3860000000       64.8730000000         .0000000000
      -17.3510000000       64.8930000000         .0000000000
      -17.3190000000       64.9170000000         .0000000000
      -17.2740000000       64.9520000000         .0000000000
      -17.2530000000       64.9760000000         .0000000000
      -17.2390000000       64.9950000000         .0000000000
      -17.2310000000       65.0110000000         .0000000000
      -17.2240000000       65.0220000000         .0000000000
      -17.2170000000       65.0350000000         .0000000000
      -17.2120000000       65.0470000000         .0000000000
      -17.2110000000       65.0550000000         .0000000000
      -17.2100000000       65.0630000000         .0000000000
>    9LINE      Tungnafellsjokull                     53
      -18.4270000000       64.4660000000         .0000000000
      -18.3600000000       64.4780000000         .0000000000
      -18.3100000000       64.4880000000         .0000000000
      -18.2740000000       64.4960000000         .0000000000
      -18.2370000000       64.5060000000         .0000000000
      -18.1990000000       64.5160000000         .0000000000
      -18.1750000000       64.5240000000         .0000000000
      -18.1490000000       64.5350000000         .0000000000
      -18.1180000000       64.5480000000         .0000000000
      -18.0680000000       64.5650000000         .0000000000
      -18.0180000000       64.5810000000         .0000000000
      -17.9760000000       64.5940000000         .0000000000
      -17.9450000000       64.6050000000         .0000000000
      -17.9240000000       64.6130000000         .0000000000
      -17.9070000000       64.6200000000         .0000000000
      -17.8980000000       64.6230000000         .0000000000
      -17.8880000000       64.6300000000         .0000000000
      -17.9150000000       64.6280000000         .0000000000
      -17.9460000000       64.6300000000         .0000000000
      -17.9610000000       64.6340000000         .0000000000
      -17.9750000000       64.6420000000         .0000000000
      -17.9870000000       64.6510000000         .0000000000
      -18.0040000000       64.6610000000         .0000000000
      -18.0170000000       64.6680000000         .0000000000
      -18.0270000000       64.6740000000         .0000000000
      -18.0340000000       64.6790000000         .0000000000
      -18.0380000000       64.6840000000         .0000000000
      -18.0740000000       64.6760000000         .0000000000
      -18.1270000000       64.6650000000         .0000000000
      -18.1770000000       64.6590000000         .0000000000
      -18.2150000000       64.6540000000         .0000000000
      -18.2600000000       64.6440000000         .0000000000
      -18.3010000000       64.6330000000         .0000000000
      -18.3360000000       64.6220000000         .0000000000
      -18.3680000000       64.6120000000         .0000000000
      -18.3890000000       64.6030000000         .0000000000
      -18.4050000000       64.5980000000         .0000000000
      -18.4120000000       64.5950000000         .0000000000
      -18.4120000000       64.5640000000         .0000000000
      -18.4100000000       64.5470000000         .0000000000
      -18.4120000000       64.5390000000         .0000000000
      -18.4200000000       64.5290000000         .0000000000
      -18.4300000000       64.5210000000         .0000000000
      -18.4500000000       64.5140000000         .0000000000
      -18.4680000000       64.5090000000         .0000000000
      -18.4820000000       64.5020000000         .0000000000
      -18.4930000000       64.4960000000         .0000000000
      -18.4950000000       64.4910000000         .0000000000
      -18.4920000000       64.4850000000         .0000000000
      -18.4790000000       64.4800000000         .0000000000
      -18.4610000000       64.4750000000         .0000000000
      -18.4460000000       64.4720000000         .0000000000
      -18.4270000000       64.4660000000         .0000000000
>   10LINE      Hekla                                 26
      -19.3030000000       64.1410000000         .0000000000
      -19.3690000000       64.1290000000         .0000000000
      -19.4070000000       64.1050000000         .0000000000
      -19.4560000000       64.0770000000         .0000000000
      -19.5020000000       64.0580000000         .0000000000
      -19.5530000000       64.0450000000         .0000000000
      -19.6130000000       64.0310000000         .0000000000
      -19.6740000000       64.0190000000         .0000000000
      -19.7370000000       64.0060000000         .0000000000
      -19.8090000000       63.9880000000         .0000000000
      -19.8860000000       63.9660000000         .0000000000
      -19.9380000000       63.9530000000         .0000000000
      -19.9740000000       63.9420000000         .0000000000
      -19.8910000000       63.8890000000         .0000000000
      -19.7910000000       63.9170000000         .0000000000
      -19.6880000000       63.9450000000         .0000000000
      -19.6370000000       63.9590000000         .0000000000
      -19.5730000000       63.9770000000         .0000000000
      -19.5300000000       63.9940000000         .0000000000
      -19.4900000000       64.0120000000         .0000000000
      -19.4360000000       64.0370000000         .0000000000
      -19.3950000000       64.0610000000         .0000000000
      -19.3630000000       64.0830000000         .0000000000
      -19.3350000000       64.1080000000         .0000000000
      -19.3170000000       64.1270000000         .0000000000
      -19.3030000000       64.1410000000         .0000000000
>   11LINE      Vatnafjoll                            49
      -19.1530000000       64.0780000000         .0000000000
      -19.2540000000       64.1150000000         .0000000000
      -19.3040000000       64.0800000000         .0000000000
      -19.3440000000       64.0560000000         .0000000000
      -19.3850000000       64.0360000000         .0000000000
      -19.4450000000       64.0070000000         .0000000000
      -19.4970000000       63.9870000000         .0000000000
      -19.5440000000       63.9700000000         .0000000000
      -19.6060000000       63.9500000000         .0000000000
      -19.6500000000       63.9350000000         .0000000000
      -19.7030000000       63.9200000000         .0000000000
      -19.7580000000       63.9060000000         .0000000000
      -19.7960000000       63.8950000000         .0000000000
      -19.8360000000       63.8850000000         .0000000000
      -19.8530000000       63.8780000000         .0000000000
      -19.8610000000       63.8740000000         .0000000000
      -19.7650000000       63.8370000000         .0000000000
      -19.7310000000       63.8500000000         .0000000000
      -19.6770000000       63.8630000000         .0000000000
      -19.6190000000       63.8770000000         .0000000000
      -19.5770000000       63.8870000000         .0000000000
      -19.5430000000       63.8970000000         .0000000000
      -19.5100000000       63.9070000000         .0000000000
      -19.4840000000       63.9160000000         .0000000000
      -19.4670000000       63.9220000000         .0000000000
      -19.4590000000       63.9260000000         .0000000000
      -19.4690000000       63.9340000000         .0000000000
      -19.4750000000       63.9390000000         .0000000000
      -19.4750000000       63.9430000000         .0000000000
      -19.4700000000       63.9490000000         .0000000000
      -19.4640000000       63.9560000000         .0000000000
      -19.4650000000       63.9620000000         .0000000000
      -19.4640000000       63.9710000000         .0000000000
      -19.4590000000       63.9770000000         .0000000000
      -19.4510000000       63.9830000000         .0000000000
      -19.4380000000       63.9880000000         .0000000000
      -19.4190000000       63.9910000000         .0000000000
      -19.4040000000       63.9920000000         .0000000000
      -19.3840000000       63.9920000000         .0000000000
      -19.3640000000       63.9930000000         .0000000000
      -19.3370000000       63.9920000000         .0000000000
      -19.3220000000       63.9920000000         .0000000000
      -19.3080000000       63.9920000000         .0000000000
      -19.2890000000       64.0000000000         .0000000000
      -19.2610000000       64.0130000000         .0000000000
      -19.2260000000       64.0290000000         .0000000000
      -19.1970000000       64.0420000000         .0000000000
      -19.1780000000       64.0580000000         .0000000000
      -19.1530000000       64.0780000000         .0000000000
>   12LINE      Torfajokull                           42
      -19.3850000000       63.7640000000         .0000000000
      -19.3590000000       63.7610000000         .0000000000
      -19.3230000000       63.7580000000         .0000000000
      -19.3060000000       63.7600000000         .0000000000
      -19.2590000000       63.7780000000         .0000000000
      -19.2070000000       63.7990000000         .0000000000
      -19.1600000000       63.8160000000         .0000000000
      -19.0950000000       63.8360000000         .0000000000
      -19.1150000000       63.8440000000         .0000000000
      -19.1370000000       63.8480000000         .0000000000
      -19.1670000000       63.8500000000         .0000000000
      -19.2220000000       63.8580000000         .0000000000
      -19.2490000000       63.8650000000         .0000000000
      -19.2760000000       63.8730000000         .0000000000
      -19.2950000000       63.8830000000         .0000000000
      -19.3170000000       63.8940000000         .0000000000
      -19.3350000000       63.9010000000         .0000000000
      -19.3450000000       63.9060000000         .0000000000
      -19.3540000000       63.9100000000         .0000000000
      -19.3630000000       63.9140000000         .0000000000
      -19.3850000000       63.9170000000         .0000000000
      -19.4040000000       63.9200000000         .0000000000
      -19.4160000000       63.9210000000         .0000000000
      -19.5070000000       63.8930000000         .0000000000
      -19.5770000000       63.8700000000         .0000000000
      -19.6500000000       63.8440000000         .0000000000
      -19.6400000000       63.8330000000         .0000000000
      -19.5730000000       63.8330000000         .0000000000
      -19.5270000000       63.8320000000         .0000000000
      -19.4880000000       63.8310000000         .0000000000
      -19.4660000000       63.8300000000         .0000000000
      -19.4500000000       63.8280000000         .0000000000
      -19.4360000000       63.8240000000         .0000000000
      -19.4220000000       63.8190000000         .0000000000
      -19.4110000000       63.8140000000         .0000000000
      -19.4060000000       63.8070000000         .0000000000
      -19.4010000000       63.8000000000         .0000000000
      -19.3960000000       63.7920000000         .0000000000
      -19.3930000000       63.7860000000         .0000000000
      -19.3920000000       63.7780000000         .0000000000
      -19.3910000000       63.7730000000         .0000000000
      -19.3850000000       63.7640000000         .0000000000
>   13LINE      Torfajokull                           33
      -18.8770000000       63.8800000000         .0000000000
      -18.7020000000       63.9460000000         .0000000000
      -18.5170000000       64.0100000000         .0000000000
      -18.3640000000       64.0690000000         .0000000000
      -18.2330000000       64.1120000000         .0000000000
      -18.1200000000       64.1520000000         .0000000000
      -18.0080000000       64.1930000000         .0000000000
      -18.1640000000       64.2900000000         .0000000000
      -18.2450000000       64.2660000000         .0000000000
      -18.3070000000       64.2420000000         .0000000000
      -18.3770000000       64.2130000000         .0000000000
      -18.4500000000       64.1820000000         .0000000000
      -18.5450000000       64.1400000000         .0000000000
      -18.6270000000       64.1000000000         .0000000000
      -18.6930000000       64.0720000000         .0000000000
      -18.7630000000       64.0410000000         .0000000000
      -18.8290000000       64.0180000000         .0000000000
      -18.8710000000       64.0030000000         .0000000000
      -18.9090000000       63.9870000000         .0000000000
      -18.9330000000       63.9700000000         .0000000000
      -18.9460000000       63.9600000000         .0000000000
      -18.9190000000       63.9560000000         .0000000000
      -18.9020000000       63.9510000000         .0000000000
      -18.8910000000       63.9450000000         .0000000000
      -18.8790000000       63.9380000000         .0000000000
      -18.8690000000       63.9310000000         .0000000000
      -18.8640000000       63.9210000000         .0000000000
      -18.8610000000       63.9160000000         .0000000000
      -18.8600000000       63.9100000000         .0000000000
      -18.8600000000       63.9010000000         .0000000000
      -18.8620000000       63.8960000000         .0000000000
      -18.8670000000       63.8900000000         .0000000000
      -18.8770000000       63.8800000000         .0000000000
>   14LINE      Torfajokull                           42
      -18.9920000000       63.9720000000         .0000000000
      -18.9050000000       64.0150000000         .0000000000
      -18.8070000000       64.0600000000         .0000000000
      -18.7180000000       64.0950000000         .0000000000
      -18.6560000000       64.1190000000         .0000000000
      -18.6090000000       64.1410000000         .0000000000
      -18.5530000000       64.1710000000         .0000000000
      -18.4850000000       64.1990000000         .0000000000
      -18.4100000000       64.2340000000         .0000000000
      -18.3220000000       64.2680000000         .0000000000
      -18.2580000000       64.2910000000         .0000000000
      -18.1990000000       64.3080000000         .0000000000
      -18.1590000000       64.3250000000         .0000000000
      -17.7530000000       64.4790000000         .0000000000
      -17.8680000000       64.5110000000         .0000000000
      -17.9120000000       64.5210000000         .0000000000
      -17.9370000000       64.5230000000         .0000000000
      -18.0120000000       64.4980000000         .0000000000
      -18.1260000000       64.4550000000         .0000000000
      -18.2510000000       64.4190000000         .0000000000
      -18.3660000000       64.3860000000         .0000000000
      -18.4530000000       64.3580000000         .0000000000
      -18.5710000000       64.3190000000         .0000000000
      -18.6660000000       64.2860000000         .0000000000
      -18.7590000000       64.2500000000         .0000000000
      -18.8660000000       64.2080000000         .0000000000
      -18.9430000000       64.1750000000         .0000000000
      -19.0060000000       64.1430000000         .0000000000
      -19.0840000000       64.0960000000         .0000000000
      -19.1250000000       64.0590000000         .0000000000
      -19.1630000000       64.0160000000         .0000000000
      -19.1800000000       63.9990000000         .0000000000
      -19.1850000000       63.9890000000         .0000000000
      -19.1420000000       63.9910000000         .0000000000
      -19.1020000000       63.9910000000         .0000000000
      -19.0760000000       63.9910000000         .0000000000
      -19.0570000000       63.9890000000         .0000000000
      -19.0330000000       63.9870000000         .0000000000
      -19.0200000000       63.9840000000         .0000000000
      -19.0090000000       63.9790000000         .0000000000
      -19.0010000000       63.9760000000         .0000000000
      -18.9920000000       63.9720000000         .0000000000
>   15LINE      Katla                                 41
      -18.2810000000       64.0660000000         .0000000000
      -18.2920000000       64.0790000000         .0000000000
      -18.4100000000       64.0340000000         .0000000000
      -18.4940000000       64.0020000000         .0000000000
      -18.5730000000       63.9710000000         .0000000000
      -18.6530000000       63.9450000000         .0000000000
      -18.7180000000       63.9190000000         .0000000000
      -18.7910000000       63.8910000000         .0000000000
      -18.8510000000       63.8690000000         .0000000000
      -18.9130000000       63.8510000000         .0000000000
      -18.9830000000       63.8330000000         .0000000000
      -19.0590000000       63.8100000000         .0000000000
      -19.0920000000       63.7990000000         .0000000000
      -19.1760000000       63.7730000000         .0000000000
      -19.2140000000       63.7590000000         .0000000000
      -19.2250000000       63.7530000000         .0000000000
      -19.1740000000       63.7560000000         .0000000000
      -19.1280000000       63.7560000000         .0000000000
      -19.0750000000       63.7520000000         .0000000000
      -19.0380000000       63.7510000000         .0000000000
      -19.0110000000       63.7490000000         .0000000000
      -18.9900000000       63.7430000000         .0000000000
      -18.9670000000       63.7340000000         .0000000000
      -18.9460000000       63.7260000000         .0000000000
      -18.9220000000       63.7180000000         .0000000000
      -18.8800000000       63.6680000000         .0000000000
      -18.8540000000       63.6560000000         .0000000000
      -18.8090000000       63.6330000000         .0000000000
      -18.7780000000       63.6040000000         .0000000000
      -18.7790000000       63.6480000000         .0000000000
      -18.7590000000       63.7020000000         .0000000000
      -18.7380000000       63.7480000000         .0000000000
      -18.7100000000       63.7910000000         .0000000000
      -18.6680000000       63.8460000000         .0000000000
      -18.6200000000       63.8820000000         .0000000000
      -18.5710000000       63.9210000000         .0000000000
      -18.5240000000       63.9470000000         .0000000000
      -18.4500000000       63.9880000000         .0000000000
      -18.3820000000       64.0180000000         .0000000000
      -18.3210000000       64.0470000000         .0000000000
      -18.2810000000       64.0660000000         .0000000000
>   16LINE      Bardarbunga                           26
      -17.5350000000       64.7230000000         .0000000000
      -17.4970000000       64.7330000000         .0000000000
      -17.4780000000       64.7380000000         .0000000000
      -17.4370000000       64.7470000000         .0000000000
      -17.3570000000       64.7570000000         .0000000000
      -17.2300000000       64.7550000000         .0000000000
      -17.2010000000       64.7560000000         .0000000000
      -17.1930000000       64.7600000000         .0000000000
      -17.1760000000       64.7770000000         .0000000000
      -17.1600000000       64.7900000000         .0000000000
      -17.1410000000       64.8090000000         .0000000000
      -17.1250000000       64.8240000000         .0000000000
      -17.0900000000       64.8540000000         .0000000000
      -17.0540000000       64.8920000000         .0000000000
      -17.0280000000       64.9300000000         .0000000000
      -17.0150000000       64.9510000000         .0000000000
      -17.0840000000       64.9790000000         .0000000000
      -17.1060000000       64.9670000000         .0000000000
      -17.1570000000       64.9390000000         .0000000000
      -17.2260000000       64.9070000000         .0000000000
      -17.2790000000       64.8850000000         .0000000000
      -17.3250000000       64.8630000000         .0000000000
      -17.3730000000       64.8350000000         .0000000000
      -17.4170000000       64.8080000000         .0000000000
      -17.4580000000       64.7820000000         .0000000000
      -17.5350000000       64.7230000000         .0000000000
>   17LINE      Kverkfjoll                            60
      -16.2110000000       65.1380000000         .0000000000
      -16.2460000000       65.0880000000         .0000000000
      -16.3040000000       65.0310000000         .0000000000
      -16.3480000000       64.9900000000         .0000000000
      -16.3970000000       64.9480000000         .0000000000
      -16.4630000000       64.9030000000         .0000000000
      -16.5190000000       64.8680000000         .0000000000
      -16.5750000000       64.8350000000         .0000000000
      -16.6200000000       64.8110000000         .0000000000
      -16.6510000000       64.7950000000         .0000000000
      -16.6700000000       64.7830000000         .0000000000
      -16.7010000000       64.7650000000         .0000000000
      -16.7330000000       64.7410000000         .0000000000
      -16.7760000000       64.7110000000         .0000000000
      -16.8060000000       64.6830000000         .0000000000
      -16.8000000000       64.6580000000         .0000000000
      -16.7850000000       64.6440000000         .0000000000
      -16.7370000000       64.6280000000         .0000000000
      -16.6660000000       64.6130000000         .0000000000
      -16.6030000000       64.6040000000         .0000000000
      -16.5250000000       64.6210000000         .0000000000
      -16.4770000000       64.6400000000         .0000000000
      -16.4300000000       64.6650000000         .0000000000
      -16.3760000000       64.6890000000         .0000000000
      -16.3330000000       64.7080000000         .0000000000
      -16.2970000000       64.7230000000         .0000000000
      -16.2790000000       64.7340000000         .0000000000
      -16.2290000000       64.7780000000         .0000000000
      -16.1950000000       64.8030000000         .0000000000
      -16.1500000000       64.8300000000         .0000000000
      -16.1040000000       64.8550000000         .0000000000
      -16.0620000000       64.8810000000         .0000000000
      -16.0220000000       64.9020000000         .0000000000
      -15.9800000000       64.9190000000         .0000000000
      -15.9550000000       64.9320000000         .0000000000
      -15.9240000000       64.9480000000         .0000000000
      -15.9040000000       64.9660000000         .0000000000
      -15.8880000000       64.9890000000         .0000000000
      -15.8790000000       65.0150000000         .0000000000
      -15.8780000000       65.0420000000         .0000000000
      -15.8830000000       65.0490000000         .0000000000
      -15.8880000000       65.0880000000         .0000000000
      -15.8940000000       65.1210000000         .0000000000
      -15.8920000000       65.1380000000         .0000000000
      -15.8910000000       65.1580000000         .0000000000
      -15.9000000000       65.1760000000         .0000000000
      -15.9140000000       65.1930000000         .0000000000
      -15.9250000000       65.1970000000         .0000000000
      -15.9360000000       65.1980000000         .0000000000
      -15.9490000000       65.1980000000         .0000000000
      -15.9780000000       65.1890000000         .0000000000
      -16.0050000000       65.1800000000         .0000000000
      -16.0290000000       65.1700000000         .0000000000
      -16.0600000000       65.1590000000         .0000000000
      -16.1020000000       65.1500000000         .0000000000
      -16.1360000000       65.1440000000         .0000000000
      -16.1540000000       65.1410000000         .0000000000
      -16.1750000000       65.1390000000         .0000000000
      -16.1850000000       65.1390000000         .0000000000
      -16.2110000000       65.1380000000         .0000000000
>   18LINE      Askja                                127
      -16.0210000000       66.1160000000         .0000000000
      -16.0750000000       66.1150000000         .0000000000
      -16.0840000000       66.0970000000         .0000000000
      -16.0850000000       66.0690000000         .0000000000
      -16.0840000000       66.0450000000         .0000000000
      -16.0860000000       66.0220000000         .0000000000
      -16.0890000000       65.9970000000         .0000000000
      -16.0980000000       65.9670000000         .0000000000
      -16.1210000000       65.9320000000         .0000000000
      -16.1500000000       65.9030000000         .0000000000
      -16.1840000000       65.8600000000         .0000000000
      -16.2090000000       65.8230000000         .0000000000
      -16.2320000000       65.7520000000         .0000000000
      -16.2510000000       65.7110000000         .0000000000
      -16.2720000000       65.6580000000         .0000000000
      -16.2800000000       65.6210000000         .0000000000
      -16.2820000000       65.5650000000         .0000000000
      -16.3010000000       65.5230000000         .0000000000
      -16.3290000000       65.4850000000         .0000000000
      -16.3600000000       65.4510000000         .0000000000
      -16.3890000000       65.4110000000         .0000000000
      -16.3990000000       65.4000000000         .0000000000
      -16.4050000000       65.3930000000         .0000000000
      -16.4290000000       65.4050000000         .0000000000
      -16.4340000000       65.4640000000         .0000000000
      -16.4220000000       65.5100000000         .0000000000
      -16.4100000000       65.5440000000         .0000000000
      -16.4060000000       65.5660000000         .0000000000
      -16.4040000000       65.5850000000         .0000000000
      -16.4010000000       65.6010000000         .0000000000
      -16.3920000000       65.6330000000         .0000000000
      -16.3830000000       65.6570000000         .0000000000
      -16.3750000000       65.6920000000         .0000000000
      -16.3640000000       65.7170000000         .0000000000
      -16.3600000000       65.7410000000         .0000000000
      -16.3500000000       65.7630000000         .0000000000
      -16.3410000000       65.7820000000         .0000000000
      -16.3330000000       65.8020000000         .0000000000
      -16.3280000000       65.8140000000         .0000000000
      -16.3240000000       65.8230000000         .0000000000
      -16.3570000000       65.8270000000         .0000000000
      -16.3670000000       65.8040000000         .0000000000
      -16.3720000000       65.7770000000         .0000000000
      -16.3750000000       65.7500000000         .0000000000
      -16.3870000000       65.7120000000         .0000000000
      -16.4020000000       65.6760000000         .0000000000
      -16.4110000000       65.6530000000         .0000000000
      -16.4180000000       65.6320000000         .0000000000
      -16.4230000000       65.6070000000         .0000000000
      -16.4290000000       65.5790000000         .0000000000
      -16.4420000000       65.5360000000         .0000000000
      -16.4540000000       65.4990000000         .0000000000
      -16.4670000000       65.4610000000         .0000000000
      -16.4790000000       65.4330000000         .0000000000
      -16.4930000000       65.4040000000         .0000000000
      -16.5120000000       65.3760000000         .0000000000
      -16.5370000000       65.3460000000         .0000000000
      -16.5710000000       65.3160000000         .0000000000
      -16.6030000000       65.2910000000         .0000000000
      -16.6440000000       65.2610000000         .0000000000
      -16.7020000000       65.2250000000         .0000000000
      -16.7600000000       65.1930000000         .0000000000
      -16.8250000000       65.1660000000         .0000000000
      -16.8630000000       65.1400000000         .0000000000
      -16.8950000000       65.1140000000         .0000000000
      -16.9230000000       65.0760000000         .0000000000
      -16.9440000000       65.0320000000         .0000000000
      -16.9580000000       64.9980000000         .0000000000
      -16.9700000000       64.9710000000         .0000000000
      -16.9850000000       64.9350000000         .0000000000
      -17.0080000000       64.8970000000         .0000000000
      -17.0340000000       64.8600000000         .0000000000
      -17.0530000000       64.8360000000         .0000000000
      -17.0680000000       64.8140000000         .0000000000
      -17.0770000000       64.8010000000         .0000000000
      -16.8870000000       64.8150000000         .0000000000
      -16.8850000000       64.8210000000         .0000000000
      -16.8750000000       64.8300000000         .0000000000
      -16.8620000000       64.8380000000         .0000000000
      -16.8400000000       64.8530000000         .0000000000
      -16.8120000000       64.8740000000         .0000000000
      -16.7830000000       64.8930000000         .0000000000
      -16.7450000000       64.9190000000         .0000000000
      -16.7020000000       64.9470000000         .0000000000
      -16.6740000000       64.9650000000         .0000000000
      -16.6460000000       64.9830000000         .0000000000
      -16.6220000000       64.9990000000         .0000000000
      -16.6010000000       65.0170000000         .0000000000
      -16.5770000000       65.0350000000         .0000000000
      -16.5630000000       65.0480000000         .0000000000
      -16.5430000000       65.0670000000         .0000000000
      -16.5280000000       65.0790000000         .0000000000
      -16.5080000000       65.0970000000         .0000000000
      -16.4680000000       65.1290000000         .0000000000
      -16.4430000000       65.1540000000         .0000000000
      -16.4210000000       65.1750000000         .0000000000
      -16.3890000000       65.2030000000         .0000000000
      -16.3720000000       65.2260000000         .0000000000
      -16.3520000000       65.2620000000         .0000000000
      -16.3400000000       65.2910000000         .0000000000
      -16.3310000000       65.3160000000         .0000000000
      -16.3180000000       65.3500000000         .0000000000
      -16.3050000000       65.3880000000         .0000000000
      -16.2900000000       65.4360000000         .0000000000
      -16.2770000000       65.4570000000         .0000000000
      -16.2680000000       65.4760000000         .0000000000
      -16.2530000000       65.5200000000         .0000000000
      -16.2440000000       65.5540000000         .0000000000
      -16.2360000000       65.5840000000         .0000000000
      -16.2230000000       65.6180000000         .0000000000
      -16.2160000000       65.6630000000         .0000000000
      -16.2110000000       65.7010000000         .0000000000
      -16.1900000000       65.7510000000         .0000000000
      -16.1800000000       65.7930000000         .0000000000
      -16.1650000000       65.8200000000         .0000000000
      -16.1390000000       65.8510000000         .0000000000
      -16.1230000000       65.8820000000         .0000000000
      -16.1010000000       65.9160000000         .0000000000
      -16.0670000000       65.9550000000         .0000000000
      -16.0480000000       65.9830000000         .0000000000
      -16.0320000000       66.0070000000         .0000000000
      -16.0260000000       66.0220000000         .0000000000
      -16.0200000000       66.0400000000         .0000000000
      -16.0180000000       66.0680000000         .0000000000
      -16.0210000000       66.0900000000         .0000000000
      -16.0220000000       66.1070000000         .0000000000
      -16.0210000000       66.1160000000         .0000000000
>   19LINE      Theistareykir                         61
      -16.9190000000       66.2640000000         .0000000000
      -16.9830000000       66.2700000000         .0000000000
      -16.9970000000       66.2510000000         .0000000000
      -17.0030000000       66.2270000000         .0000000000
      -17.0100000000       66.2050000000         .0000000000
      -17.0140000000       66.1810000000         .0000000000
      -17.0130000000       66.1590000000         .0000000000
      -17.0110000000       66.1330000000         .0000000000
      -17.0130000000       66.1060000000         .0000000000
      -17.0080000000       66.0840000000         .0000000000
      -17.0110000000       66.0600000000         .0000000000
      -17.0190000000       66.0360000000         .0000000000
      -17.0330000000       66.0200000000         .0000000000
      -17.0600000000       66.0050000000         .0000000000
      -17.0880000000       65.9950000000         .0000000000
      -17.1140000000       65.9840000000         .0000000000
      -17.1330000000       65.9710000000         .0000000000
      -17.1460000000       65.9520000000         .0000000000
      -17.1560000000       65.9270000000         .0000000000
      -17.1540000000       65.8830000000         .0000000000
      -17.1670000000       65.8500000000         .0000000000
      -17.1820000000       65.8130000000         .0000000000
      -17.1840000000       65.7940000000         .0000000000
      -17.1800000000       65.7680000000         .0000000000
      -17.1830000000       65.7350000000         .0000000000
      -17.1840000000       65.7080000000         .0000000000
      -17.1920000000       65.6720000000         .0000000000
      -17.2010000000       65.6470000000         .0000000000
      -17.0800000000       65.6390000000         .0000000000
      -17.0570000000       65.6390000000         .0000000000
      -17.0420000000       65.6400000000         .0000000000
      -17.0390000000       65.6810000000         .0000000000
      -17.0350000000       65.7120000000         .0000000000
      -17.0220000000       65.7400000000         .0000000000
      -17.0000000000       65.7660000000         .0000000000
      -16.9790000000       65.7880000000         .0000000000
      -16.9670000000       65.8090000000         .0000000000
      -16.9540000000       65.8370000000         .0000000000
      -16.9460000000       65.8630000000         .0000000000
      -16.9370000000       65.8930000000         .0000000000
      -16.9280000000       65.9210000000         .0000000000
      -16.9180000000       65.9460000000         .0000000000
      -16.9050000000       65.9710000000         .0000000000
      -16.8910000000       65.9960000000         .0000000000
      -16.8770000000       66.0220000000         .0000000000
      -16.8680000000       66.0390000000         .0000000000
      -16.8560000000       66.0560000000         .0000000000
      -16.8380000000       66.0730000000         .0000000000
      -16.8210000000       66.0850000000         .0000000000
      -16.8070000000       66.0990000000         .0000000000
      -16.8010000000       66.1110000000         .0000000000
      -16.8100000000       66.1310000000         .0000000000
      -16.8250000000       66.1480000000         .0000000000
      -16.8400000000       66.1590000000         .0000000000
      -16.8620000000       66.1790000000         .0000000000
      -16.8830000000       66.1950000000         .0000000000
      -16.8950000000       66.2070000000         .0000000000
      -16.9110000000       66.2260000000         .0000000000
      -16.9150000000       66.2390000000         .0000000000
      -16.9190000000       66.2500000000         .0000000000
      -16.9190000000       66.2640000000         .0000000000
>   20LINE      Krafla                                74
      -16.4880000000       66.2130000000         .0000000000
      -16.5020000000       66.2030000000         .0000000000
      -16.5190000000       66.1950000000         .0000000000
      -16.5380000000       66.1900000000         .0000000000
      -16.5590000000       66.1840000000         .0000000000
      -16.5680000000       66.1770000000         .0000000000
      -16.6100000000       66.1350000000         .0000000000
      -16.6430000000       66.0970000000         .0000000000
      -16.6630000000       66.0620000000         .0000000000
      -16.6810000000       66.0310000000         .0000000000
      -16.6970000000       66.0050000000         .0000000000
      -16.7120000000       65.9700000000         .0000000000
      -16.7400000000       65.9310000000         .0000000000
      -16.7660000000       65.8930000000         .0000000000
      -16.7810000000       65.8760000000         .0000000000
      -16.7950000000       65.8570000000         .0000000000
      -16.8050000000       65.8410000000         .0000000000
      -16.8240000000       65.8250000000         .0000000000
      -16.8580000000       65.7880000000         .0000000000
      -16.8820000000       65.7580000000         .0000000000
      -16.9120000000       65.7280000000         .0000000000
      -16.9400000000       65.7020000000         .0000000000
      -16.9630000000       65.6760000000         .0000000000
      -16.9740000000       65.6550000000         .0000000000
      -16.9810000000       65.6330000000         .0000000000
      -16.9860000000       65.6110000000         .0000000000
      -16.9930000000       65.5900000000         .0000000000
      -17.0030000000       65.5630000000         .0000000000
      -17.0090000000       65.5460000000         .0000000000
      -17.0200000000       65.5340000000         .0000000000
      -17.0350000000       65.5180000000         .0000000000
      -17.0460000000       65.5000000000         .0000000000
      -17.0600000000       65.4830000000         .0000000000
      -17.0640000000       65.4750000000         .0000000000
      -17.0650000000       65.4640000000         .0000000000
      -17.0660000000       65.4510000000         .0000000000
      -17.0710000000       65.4370000000         .0000000000
      -17.0740000000       65.4240000000         .0000000000
      -17.0800000000       65.4150000000         .0000000000
      -17.0620000000       65.3970000000         .0000000000
      -17.0450000000       65.3790000000         .0000000000
      -17.0290000000       65.3650000000         .0000000000
      -17.0100000000       65.3520000000         .0000000000
      -16.9770000000       65.3360000000         .0000000000
      -16.9380000000       65.3180000000         .0000000000
      -16.9160000000       65.3570000000         .0000000000
      -16.8930000000       65.4050000000         .0000000000
      -16.8490000000       65.4710000000         .0000000000
      -16.8220000000       65.5180000000         .0000000000
      -16.8050000000       65.5440000000         .0000000000
      -16.7900000000       65.5720000000         .0000000000
      -16.7650000000       65.6000000000         .0000000000
      -16.7500000000       65.6310000000         .0000000000
      -16.7350000000       65.6600000000         .0000000000
      -16.7230000000       65.6900000000         .0000000000
      -16.7010000000       65.7240000000         .0000000000
      -16.6760000000       65.7570000000         .0000000000
      -16.6610000000       65.7830000000         .0000000000
      -16.6520000000       65.8130000000         .0000000000
      -16.6360000000       65.8490000000         .0000000000
      -16.6180000000       65.8860000000         .0000000000
      -16.6010000000       65.9200000000         .0000000000
      -16.5880000000       65.9500000000         .0000000000
      -16.5790000000       65.9770000000         .0000000000
      -16.5650000000       66.0150000000         .0000000000
      -16.5590000000       66.0450000000         .0000000000
      -16.5450000000       66.0740000000         .0000000000
      -16.5260000000       66.1120000000         .0000000000
      -16.5110000000       66.1390000000         .0000000000
      -16.4970000000       66.1670000000         .0000000000
      -16.4910000000       66.1870000000         .0000000000
      -16.4880000000       66.1990000000         .0000000000
      -16.4850000000       66.2040000000         .0000000000
      -16.4880000000       66.2130000000         .0000000000
>   21LINE      Fremrinamar                           36
      -16.1980000000       66.5270000000         .0000000000
      -16.2060000000       66.5260000000         .0000000000
      -16.2090000000       66.5280000000         .0000000000
      -16.2100000000       66.5320000000         .0000000000
      -16.2130000000       66.5330000000         .0000000000
      -16.2160000000       66.5350000000         .0000000000
      -16.2210000000       66.5320000000         .0000000000
      -16.2200000000       66.5280000000         .0000000000
      -16.2210000000       66.5220000000         .0000000000
      -16.2230000000       66.5170000000         .0000000000
      -16.2270000000       66.5120000000         .0000000000
      -16.2340000000       66.5080000000         .0000000000
      -16.2400000000       66.5050000000         .0000000000
      -16.2460000000       66.5040000000         .0000000000
      -16.2500000000       66.5020000000         .0000000000
      -16.2480000000       66.4980000000         .0000000000
      -16.2470000000       66.4950000000         .0000000000
      -16.2510000000       66.4920000000         .0000000000
      -16.2530000000       66.4900000000         .0000000000
      -16.2440000000       66.4490000000         .0000000000
      -16.2450000000       66.4180000000         .0000000000
      -16.2380000000       66.3850000000         .0000000000
      -16.2200000000       66.3490000000         .0000000000
      -16.2160000000       66.3100000000         .0000000000
      -16.2120000000       66.2790000000         .0000000000
      -16.1640000000       66.2820000000         .0000000000
      -16.1610000000       66.3080000000         .0000000000
      -16.1790000000       66.3430000000         .0000000000
      -16.1830000000       66.3780000000         .0000000000
      -16.1860000000       66.4070000000         .0000000000
      -16.1860000000       66.4350000000         .0000000000
      -16.1930000000       66.4710000000         .0000000000
      -16.1960000000       66.4970000000         .0000000000
      -16.1950000000       66.5160000000         .0000000000
      -16.1960000000       66.5220000000         .0000000000
      -16.1980000000       66.5270000000         .0000000000
>   22LINE      Fremrinamar                          225
      -16.5030000000       66.5070000000         .0000000000
      -16.5060000000       66.5080000000         .0000000000
      -16.5160000000       66.5080000000         .0000000000
      -16.5230000000       66.5070000000         .0000000000
      -16.5330000000       66.5060000000         .0000000000
      -16.5370000000       66.5070000000         .0000000000
      -16.5410000000       66.5080000000         .0000000000
      -16.5470000000       66.5090000000         .0000000000
      -16.5520000000       66.5090000000         .0000000000
      -16.5570000000       66.5090000000         .0000000000
      -16.5590000000       66.5060000000         .0000000000
      -16.5620000000       66.5010000000         .0000000000
      -16.5650000000       66.4970000000         .0000000000
      -16.5700000000       66.4940000000         .0000000000
      -16.5750000000       66.4890000000         .0000000000
      -16.5800000000       66.4870000000         .0000000000
      -16.5860000000       66.4840000000         .0000000000
      -16.5910000000       66.4820000000         .0000000000
      -16.5930000000       66.4800000000         .0000000000
      -16.5900000000       66.4760000000         .0000000000
      -16.5840000000       66.4740000000         .0000000000
      -16.5740000000       66.4720000000         .0000000000
      -16.5670000000       66.4700000000         .0000000000
      -16.5620000000       66.4660000000         .0000000000
      -16.5580000000       66.4610000000         .0000000000
      -16.5570000000       66.4570000000         .0000000000
      -16.5570000000       66.4530000000         .0000000000
      -16.5550000000       66.4490000000         .0000000000
      -16.5520000000       66.4460000000         .0000000000
      -16.5460000000       66.4430000000         .0000000000
      -16.5420000000       66.4390000000         .0000000000
      -16.5420000000       66.4350000000         .0000000000
      -16.5410000000       66.4310000000         .0000000000
      -16.5340000000       66.4280000000         .0000000000
      -16.5280000000       66.4240000000         .0000000000
      -16.5250000000       66.4210000000         .0000000000
      -16.5230000000       66.4170000000         .0000000000
      -16.5290000000       66.4140000000         .0000000000
      -16.5350000000       66.4140000000         .0000000000
      -16.5370000000       66.4140000000         .0000000000
      -16.5430000000       66.4140000000         .0000000000
      -16.5440000000       66.4120000000         .0000000000
      -16.5420000000       66.4090000000         .0000000000
      -16.5450000000       66.4070000000         .0000000000
      -16.5420000000       66.4050000000         .0000000000
      -16.5360000000       66.4030000000         .0000000000
      -16.5310000000       66.4010000000         .0000000000
      -16.5260000000       66.3960000000         .0000000000
      -16.5260000000       66.3910000000         .0000000000
      -16.5260000000       66.3870000000         .0000000000
      -16.5310000000       66.3830000000         .0000000000
      -16.5330000000       66.3800000000         .0000000000
      -16.5350000000       66.3770000000         .0000000000
      -16.5290000000       66.3760000000         .0000000000
      -16.5250000000       66.3740000000         .0000000000
      -16.5260000000       66.3710000000         .0000000000
      -16.5290000000       66.3670000000         .0000000000
      -16.5300000000       66.3620000000         .0000000000
      -16.5250000000       66.3570000000         .0000000000
      -16.5240000000       66.3540000000         .0000000000
      -16.5260000000       66.3490000000         .0000000000
      -16.5210000000       66.3470000000         .0000000000
      -16.5110000000       66.3460000000         .0000000000
      -16.5040000000       66.3370000000         .0000000000
      -16.4980000000       66.3320000000         .0000000000
      -16.4960000000       66.3290000000         .0000000000
      -16.4930000000       66.3250000000         .0000000000
      -16.4890000000       66.3220000000         .0000000000
      -16.4870000000       66.3190000000         .0000000000
      -16.4900000000       66.3140000000         .0000000000
      -16.4850000000       66.3110000000         .0000000000
      -16.4790000000       66.3090000000         .0000000000
      -16.4710000000       66.3060000000         .0000000000
      -16.4630000000       66.3040000000         .0000000000
      -16.4590000000       66.2990000000         .0000000000
      -16.4610000000       66.2960000000         .0000000000
      -16.4630000000       66.2910000000         .0000000000
      -16.4620000000       66.2880000000         .0000000000
      -16.4560000000       66.2840000000         .0000000000
      -16.4490000000       66.2810000000         .0000000000
      -16.4460000000       66.2790000000         .0000000000
      -16.4410000000       66.2760000000         .0000000000
      -16.4410000000       66.2730000000         .0000000000
      -16.4440000000       66.2690000000         .0000000000
      -16.4450000000       66.2630000000         .0000000000
      -16.4440000000       66.2580000000         .0000000000
      -16.4440000000       66.2540000000         .0000000000
      -16.4440000000       66.2510000000         .0000000000
      -16.4450000000       66.2470000000         .0000000000
      -16.4480000000       66.2440000000         .0000000000
      -16.4490000000       66.2400000000         .0000000000
      -16.4500000000       66.2350000000         .0000000000
      -16.4570000000       66.1810000000         .0000000000
      -16.4670000000       66.1250000000         .0000000000
      -16.4700000000       66.0940000000         .0000000000
      -16.4750000000       66.0540000000         .0000000000
      -16.4750000000       66.0100000000         .0000000000
      -16.4760000000       65.9580000000         .0000000000
      -16.4880000000       65.9080000000         .0000000000
      -16.5050000000       65.8720000000         .0000000000
      -16.5130000000       65.8520000000         .0000000000
      -16.5230000000       65.8130000000         .0000000000
      -16.5360000000       65.7710000000         .0000000000
      -16.5410000000       65.7570000000         .0000000000
      -16.5610000000       65.7330000000         .0000000000
      -16.5750000000       65.7060000000         .0000000000
      -16.5810000000       65.6710000000         .0000000000
      -16.5850000000       65.6470000000         .0000000000
      -16.5960000000       65.6310000000         .0000000000
      -16.6070000000       65.6170000000         .0000000000
      -16.6180000000       65.5970000000         .0000000000
      -16.6500000000       65.5950000000         .0000000000
      -16.6500000000       65.6140000000         .0000000000
      -16.6500000000       65.6270000000         .0000000000
      -16.6510000000       65.6370000000         .0000000000
      -16.6500000000       65.6470000000         .0000000000
      -16.6490000000       65.6530000000         .0000000000
      -16.6480000000       65.6600000000         .0000000000
      -16.6470000000       65.6660000000         .0000000000
      -16.6450000000       65.6700000000         .0000000000
      -16.6720000000       65.6720000000         .0000000000
      -16.6760000000       65.6550000000         .0000000000
      -16.6850000000       65.6230000000         .0000000000
      -16.6990000000       65.5960000000         .0000000000
      -16.7180000000       65.5670000000         .0000000000
      -16.7380000000       65.5410000000         .0000000000
      -16.7540000000       65.5100000000         .0000000000
      -16.7720000000       65.4710000000         .0000000000
      -16.7950000000       65.4310000000         .0000000000
      -16.8080000000       65.3960000000         .0000000000
      -16.8220000000       65.3640000000         .0000000000
      -16.8270000000       65.3370000000         .0000000000
      -16.8290000000       65.3230000000         .0000000000
      -16.8290000000       65.3110000000         .0000000000
      -16.8290000000       65.2980000000         .0000000000
      -16.8300000000       65.2870000000         .0000000000
      -16.8320000000       65.2790000000         .0000000000
      -16.6650000000       65.2680000000         .0000000000
      -16.6580000000       65.2950000000         .0000000000
      -16.6540000000       65.3140000000         .0000000000
      -16.6440000000       65.3340000000         .0000000000
      -16.6280000000       65.3640000000         .0000000000
      -16.5950000000       65.4040000000         .0000000000
      -16.5670000000       65.4380000000         .0000000000
      -16.5420000000       65.4710000000         .0000000000
      -16.5270000000       65.4970000000         .0000000000
      -16.5070000000       65.5400000000         .0000000000
      -16.4820000000       65.5840000000         .0000000000
      -16.4550000000       65.6210000000         .0000000000
      -16.4440000000       65.6480000000         .0000000000
      -16.4370000000       65.6700000000         .0000000000
      -16.4310000000       65.7000000000         .0000000000
      -16.4250000000       65.7390000000         .0000000000
      -16.4160000000       65.7700000000         .0000000000
      -16.4040000000       65.8060000000         .0000000000
      -16.3920000000       65.8280000000         .0000000000
      -16.3750000000       65.8520000000         .0000000000
      -16.3460000000       65.8790000000         .0000000000
      -16.3250000000       65.8930000000         .0000000000
      -16.3140000000       65.9030000000         .0000000000
      -16.3070000000       65.9090000000         .0000000000
      -16.3000000000       65.9130000000         .0000000000
      -16.2880000000       65.9110000000         .0000000000
      -16.2920000000       65.8990000000         .0000000000
      -16.2900000000       65.8650000000         .0000000000
      -16.2560000000       65.8680000000         .0000000000
      -16.2590000000       65.9020000000         .0000000000
      -16.2480000000       65.9300000000         .0000000000
      -16.2260000000       65.9700000000         .0000000000
      -16.2000000000       66.0230000000         .0000000000
      -16.1680000000       66.0710000000         .0000000000
      -16.1450000000       66.1070000000         .0000000000
      -16.1200000000       66.1510000000         .0000000000
      -16.1020000000       66.1910000000         .0000000000
      -16.0870000000       66.2160000000         .0000000000
      -16.0800000000       66.2300000000         .0000000000
      -16.0770000000       66.2330000000         .0000000000
      -16.1180000000       66.2340000000         .0000000000
      -16.1390000000       66.2060000000         .0000000000
      -16.1500000000       66.1850000000         .0000000000
      -16.1790000000       66.1520000000         .0000000000
      -16.2080000000       66.1190000000         .0000000000
      -16.2290000000       66.0780000000         .0000000000
      -16.2630000000       66.0350000000         .0000000000
      -16.2840000000       66.0040000000         .0000000000
      -16.3090000000       65.9770000000         .0000000000
      -16.3370000000       65.9450000000         .0000000000
      -16.3710000000       65.9070000000         .0000000000
      -16.3980000000       65.8780000000         .0000000000
      -16.4260000000       65.8490000000         .0000000000
      -16.4570000000       65.7930000000         .0000000000
      -16.4650000000       65.7680000000         .0000000000
      -16.4700000000       65.7450000000         .0000000000
      -16.4750000000       65.7020000000         .0000000000
      -16.4740000000       65.6750000000         .0000000000
      -16.4790000000       65.6380000000         .0000000000
      -16.5260000000       65.6360000000         .0000000000
      -16.5280000000       65.6360000000         .0000000000
      -16.5360000000       65.6660000000         .0000000000
      -16.5390000000       65.6890000000         .0000000000
      -16.5310000000       65.7180000000         .0000000000
      -16.5110000000       65.7690000000         .0000000000
      -16.4890000000       65.8100000000         .0000000000
      -16.4650000000       65.8470000000         .0000000000
      -16.4580000000       65.8680000000         .0000000000
      -16.4480000000       65.8820000000         .0000000000
      -16.4280000000       65.9150000000         .0000000000
      -16.4120000000       65.9520000000         .0000000000
      -16.3920000000       65.9840000000         .0000000000
      -16.3820000000       66.0120000000         .0000000000
      -16.3710000000       66.0600000000         .0000000000
      -16.3640000000       66.0900000000         .0000000000
      -16.3510000000       66.1310000000         .0000000000
      -16.3490000000       66.1510000000         .0000000000
      -16.3470000000       66.1690000000         .0000000000
      -16.3560000000       66.1970000000         .0000000000
      -16.3760000000       66.2310000000         .0000000000
      -16.3980000000       66.2880000000         .0000000000
      -16.4180000000       66.3370000000         .0000000000
      -16.4400000000       66.3840000000         .0000000000
      -16.4660000000       66.4240000000         .0000000000
      -16.4780000000       66.4480000000         .0000000000
      -16.4940000000       66.4750000000         .0000000000
      -16.4990000000       66.4930000000         .0000000000
      -16.5030000000       66.5070000000         .0000000000