> DRANGAJO  156   5           
-22.071299 66.074692
-22.065569 66.078560
-22.067207 66.084915
-22.055613 66.091599
-22.042496 66.096710
-22.034370 66.100990
-22.036947 66.105957
-22.031500 66.110466
-22.036161 66.114326
-22.042086 66.117630
-22.050768 66.119888
-22.059620 66.121689
-22.068218 66.123222
-22.075405 66.127747
-22.081320 66.132759
-22.087696 66.136032
-22.092505 66.139168
-22.106302 66.143303
-22.114820 66.145912
-22.122808 66.149612
-22.119217 66.152916
-22.117437 66.156540
-22.117466 66.158607
-22.126999 66.160385
-22.134731 66.161949
-22.136591 66.168091
-22.137016 66.171593
-22.142658 66.174164
-22.150305 66.176796
-22.154568 66.177170
-22.164511 66.174995
-22.169138 66.176521
-22.163412 66.180481
-22.156122 66.184395
-22.147869 66.185913
-22.147120 66.190689
-22.154217 66.196022
-22.149189 66.202133
-22.147087 66.206764
-22.144398 66.212021
-22.143185 66.214828
-22.145790 66.216125
-22.153101 66.212288
-22.162140 66.208061
-22.173937 66.206406
-22.186983 66.207657
-22.195431 66.207657
-22.202770 66.209488
-22.203815 66.212532
-22.203999 66.217537
-22.215771 66.222786
-22.222429 66.224442
-22.228235 66.226395
-22.226688 66.230019
-22.228004 66.233398
-22.231867 66.234039
-22.237099 66.231422
-22.242397 66.229332
-22.248178 66.229309
-22.259079 66.231056
-22.263994 66.231209
-22.271772 66.231140
-22.281252 66.232201
-22.285151 66.233109
-22.293066 66.234123
-22.296101 66.235214
-22.302704 66.232925
-22.310345 66.231773
-22.316992 66.229843
-22.324814 66.230125
-22.330700 66.232605
-22.337601 66.234352
-22.345041 66.235100
-22.349642 66.231133
-22.352268 66.227386
-22.360451 66.223625
-22.355045 66.221420
-22.362375 66.219643
-22.369951 66.219742
-22.376125 66.219337
-22.379797 66.215141
-22.386482 66.213562
-22.394287 66.212036
-22.402304 66.207100
-22.410528 66.202072
-22.417761 66.197975
-22.426115 66.195625
-22.433571 66.196548
-22.438995 66.193916
-22.437763 66.191338
-22.425747 66.189545
-22.417423 66.185417
-22.410686 66.181511
-22.404106 66.178772
-22.402550 66.175407
-22.397511 66.172546
-22.388340 66.172028
-22.383036 66.170532
-22.378233 66.167763
-22.384241 66.166191
-22.393259 66.160522
-22.399143 66.156349
-22.397608 66.151459
-22.393888 66.148483
-22.391323 66.145851
-22.386230 66.142532
-22.375954 66.141937
-22.364981 66.142815
-22.360256 66.143990
-22.352856 66.145058
-22.348478 66.143806
-22.343195 66.142387
-22.337517 66.141342
-22.329370 66.141792
-22.326054 66.140160
-22.323776 66.137955
-22.323685 66.135521
-22.319323 66.134369
-22.314915 66.132851
-22.313454 66.130089
-22.311909 66.128426
-22.310375 66.126831
-22.309101 66.123817
-22.310488 66.120819
-22.308643 66.118530
-22.300690 66.118683
-22.293457 66.119286
-22.287949 66.117790
-22.281277 66.117561
-22.275373 66.116440
-22.268694 66.114418
-22.264372 66.113525
-22.257719 66.111679
-22.252542 66.109283
-22.244175 66.106133
-22.236649 66.102615
-22.233521 66.100601
-22.223280 66.096596
-22.215450 66.094154
-22.207712 66.092422
-22.198750 66.089745
-22.188541 66.087700
-22.179594 66.085098
-22.169489 66.082077
-22.159828 66.079025
-22.152010 66.076599
-22.147139 66.074715
-22.134880 66.072090
-22.125397 66.072273
-22.117872 66.074043
-22.109797 66.074921
-22.102114 66.073540
-22.094507 66.072800
-22.085621 66.072433
-22.078922 66.073730
-22.071299 66.074692