> EIRIKSJO   72   9           
-20.392054 64.803528
-20.396294 64.800003
-20.393816 64.796791
-20.390972 64.794678
-20.398712 64.793785
-20.408508 64.791992
-20.410116 64.790543
-20.420471 64.791428
-20.430637 64.792763
-20.439793 64.794838
-20.446331 64.795143
-20.447050 64.792786
-20.453350 64.788597
-20.459814 64.787552
-20.468945 64.785217
-20.468405 64.782982
-20.462236 64.781708
-20.453077 64.783493
-20.444946 64.784828
-20.438921 64.786232
-20.431601 64.787018
-20.430641 64.784790
-20.437256 64.782578
-20.440687 64.779846
-20.444778 64.777657
-20.450113 64.775169
-20.455076 64.773598
-20.459570 64.771149
-20.461914 64.767799
-20.456581 64.766327
-20.451822 64.763771
-20.452518 64.761078
-20.448153 64.757973
-20.445095 64.755753
-20.448084 64.752678
-20.436218 64.754768
-20.424194 64.753807
-20.413914 64.754097
-20.407175 64.753784
-20.403267 64.751312
-20.397152 64.750832
-20.387074 64.750923
-20.373922 64.752571
-20.366640 64.753983
-20.361757 64.757172
-20.356890 64.760712
-20.351355 64.763542
-20.344975 64.766296
-20.339031 64.769386
-20.337929 64.772629
-20.339561 64.775940
-20.332804 64.779663
-20.331810 64.780830
-20.337095 64.781418
-20.343191 64.781364
-20.344107 64.782890
-20.349451 64.784637
-20.356871 64.785843
-20.357384 64.787697
-20.353683 64.789436
-20.354658 64.792114
-20.358894 64.796936
-20.368851 64.798279
-20.369556 64.795578
-20.370237 64.792343
-20.375385 64.790138
-20.379274 64.792175
-20.384426 64.794189
-20.383917 64.796616
-20.383217 64.799400
-20.384739 64.800385
-20.392054 64.803528