> EYJAFJAL  142  14           
-19.547260 63.579643
-19.540871 63.582443
-19.537090 63.584881
-19.530865 63.585709
-19.531315 63.588303
-19.530792 63.592793
-19.534986 63.602020
-19.519495 63.591671
-19.518175 63.596779
-19.515062 63.591587
-19.509678 63.594566
-19.506935 63.599068
-19.501373 63.603561
-19.497812 63.607433
-19.484896 63.606129
-19.472389 63.605186
-19.465614 63.609955
-19.468538 63.616409
-19.469431 63.621868
-19.465044 63.624935
-19.465523 63.629700
-19.464594 63.634720
-19.470091 63.637932
-19.472994 63.642933
-19.470629 63.646450
-19.467070 63.650928
-19.466324 63.654892
-19.471224 63.658375
-19.475502 63.660778
-19.476254 63.657372
-19.477819 63.654305
-19.486423 63.649906
-19.497522 63.649940
-19.505220 63.651707
-19.513115 63.653034
-19.518396 63.654987
-19.527906 63.656387
-19.534555 63.655746
-19.541557 63.652397
-19.549389 63.650295
-19.554096 63.653778
-19.555021 63.660061
-19.555714 63.664623
-19.566086 63.668526
-19.568447 63.665295
-19.564724 63.660732
-19.566460 63.656525
-19.576487 63.653252
-19.587027 63.655540
-19.594887 63.654964
-19.603361 63.654835
-19.609177 63.653114
-19.604904 63.651428
-19.609320 63.650246
-19.614252 63.644924
-19.615822 63.652363
-19.620420 63.659885
-19.622368 63.665977
-19.625280 63.669998
-19.638968 63.667965
-19.636026 63.662766
-19.633911 63.658298
-19.631989 63.653477
-19.638603 63.651375
-19.643702 63.653778
-19.647831 63.657970
-19.655725 63.658928
-19.665442 63.660137
-19.674566 63.661884
-19.676514 63.658840
-19.681761 63.658817
-19.689013 63.658142
-19.694401 63.655602
-19.695354 63.653271
-19.699705 63.649570
-19.704590 63.651257
-19.713295 63.652370
-19.719374 63.653416
-19.716667 63.650021
-19.726215 63.652588
-19.727493 63.655273
-19.746681 63.655792
-19.755545 63.655136
-19.756092 63.652889
-19.748772 63.650764
-19.748669 63.646816
-19.744009 63.646030
-19.748341 63.641888
-19.746901 63.640816
-19.746603 63.637146
-19.744314 63.634373
-19.740025 63.632236
-19.730923 63.631210
-19.739950 63.629368
-19.745140 63.627289
-19.750912 63.624382
-19.741220 63.623806
-19.735325 63.621861
-19.736238 63.618179
-19.732613 63.618290
-19.725122 63.616985
-19.724628 63.613308
-19.720726 63.610367
-19.713812 63.607803
-19.713715 63.603855
-19.710058 63.602619
-19.706400 63.601303
-19.699776 63.602318
-19.689640 63.608089
-19.689901 63.602184
-19.682417 63.600857
-19.671600 63.603516
-19.672083 63.598228
-19.672794 63.594097
-19.665977 63.595474
-19.654793 63.599640
-19.649452 63.595005
-19.650602 63.592396
-19.644327 63.590893
-19.639072 63.590031
-19.629379 63.588718
-19.628042 63.592136
-19.619471 63.596214
-19.617155 63.591465
-19.609980 63.585407
-19.607910 63.592407
-19.608204 63.596802
-19.599796 63.599342
-19.600750 63.596745
-19.597675 63.594063
-19.588831 63.594894
-19.584736 63.591507
-19.578079 63.591000
-19.572701 63.593979
-19.570362 63.597927
-19.574499 63.603481
-19.567259 63.604137
-19.568003 63.600910
-19.558907 63.599319
-19.554367 63.593510
-19.548199 63.586807
-19.547260 63.579643