> HOFSJOKU  422  11           
-18.954554 64.646790
-18.961670 64.644737
-18.969624 64.642395
-18.975904 64.639801
-18.980089 64.637825
-18.987406 64.640160
-18.995979 64.642509
-19.002880 64.644035
-19.006433 64.648232
-19.008106 64.652908
-19.010824 64.656036
-19.014589 64.660988
-19.015636 64.664215
-19.017729 64.667976
-19.020660 64.670670
-19.022963 64.672813
-19.030293 64.677299
-19.036160 64.681435
-19.040979 64.683937
-19.047266 64.685547
-19.051249 64.688324
-19.059214 64.690300
-19.065084 64.692551
-19.069071 64.695335
-19.075571 64.697487
-19.078720 64.699898
-19.085014 64.701859
-19.098221 64.702034
-19.106192 64.703644
-19.101797 64.706169
-19.093626 64.708405
-19.093424 64.711647
-19.096781 64.712082
-19.104746 64.710648
-19.106010 64.713058
-19.098886 64.714867
-19.098057 64.718170
-19.102047 64.719887
-19.108341 64.720322
-19.116732 64.720055
-19.117767 64.716728
-19.121744 64.714317
-19.134115 64.713684
-19.146700 64.714111
-19.152792 64.716087
-19.164341 64.718666
-19.164568 64.722084
-19.152418 64.725685
-19.145096 64.730171
-19.142611 64.737701
-19.147036 64.741386
-19.151466 64.745758
-19.158834 64.749535
-19.163677 64.752296
-19.171234 64.751488
-19.177952 64.751129
-19.187208 64.753532
-19.192904 64.757568
-19.195879 64.762764
-19.194847 64.765900
-19.194660 64.769318
-19.188169 64.773186
-19.181660 64.774437
-19.172400 64.772026
-19.158520 64.770683
-19.149481 64.770157
-19.151386 64.773041
-19.164845 64.774284
-19.167381 64.776970
-19.173491 64.779205
-19.175823 64.782791
-19.177317 64.786644
-19.176924 64.791481
-19.174635 64.795700
-19.171291 64.799835
-19.166464 64.801895
-19.160370 64.803612
-19.155970 64.807205
-19.150295 64.808739
-19.145470 64.812225
-19.144646 64.816101
-19.142555 64.819229
-19.132877 64.820930
-19.132460 64.822113
-19.141937 64.822365
-19.156469 64.823174
-19.170595 64.826111
-19.175045 64.831047
-19.174429 64.833824
-19.173195 64.839302
-19.172579 64.841888
-19.176382 64.843872
-19.178516 64.848625
-19.176641 64.852295
-19.178558 64.855522
-19.178368 64.859200
-19.175638 64.861259
-19.176289 64.864227
-19.172508 64.867096
-19.166620 64.870430
-19.160946 64.874458
-19.151039 64.876450
-19.144503 64.877174
-19.140064 64.875740
-19.136469 64.873497
-19.132452 64.871353
-19.128653 64.870995
-19.122339 64.874947
-19.119396 64.877899
-19.117714 64.879608
-19.116461 64.883301
-19.111387 64.880699
-19.112856 64.878281
-19.100191 64.876480
-19.089426 64.874336
-19.080353 64.873718
-19.076134 64.873894
-19.071712 64.879097
-19.072559 64.881058
-19.069389 64.878296
-19.063057 64.876678
-19.058208 64.879372
-19.057159 64.883766
-19.058220 64.887444
-19.065607 64.887802
-19.057808 64.895248
-19.053801 64.899284
-19.047680 64.902328
-19.041134 64.905197
-19.036489 64.907272
-19.030998 64.911484
-19.033323 64.915611
-19.036707 64.919197
-19.039667 64.922333
-19.044113 64.930595
-19.037140 64.937492
-19.028471 64.942070
-19.016624 64.949860
-19.004349 64.956772
-18.992071 64.960815
-18.982756 64.962509
-18.974070 64.966194
-18.966022 64.967972
-18.957127 64.969406
-18.942932 64.972816
-18.935516 64.974243
-18.923229 64.975395
-18.914122 64.975922
-18.906710 64.975655
-18.897806 64.977798
-18.888077 64.975197
-18.881504 64.976624
-18.871971 64.977242
-18.862650 64.977501
-18.853771 64.974983
-18.846607 64.969406
-18.841288 64.973434
-18.836832 64.974686
-18.823904 64.976105
-18.813734 64.976807
-18.806330 64.975815
-18.799160 64.972115
-18.786289 64.966988
-18.788202 64.966011
-18.786530 64.963669
-18.776180 64.961052
-18.773594 64.966072
-18.766384 64.967499
-18.767054 64.963814
-18.768345 64.961494
-18.757133 64.960938
-18.761734 64.966599
-18.754492 64.971153
-18.744160 64.967003
-18.741245 64.962166
-18.745502 64.960007
-18.736042 64.953995
-18.730982 64.952362
-18.726101 64.953613
-18.732599 64.959175
-18.712954 64.956100
-18.704712 64.955093
-18.703053 64.952225
-18.690786 64.951736
-18.689047 64.955597
-18.690701 64.958740
-18.678009 64.958168
-18.669554 64.957336
-18.659796 64.959122
-18.655264 64.965477
-18.654755 64.971748
-18.649832 64.975510
-18.642033 64.972977
-18.635267 64.972237
-18.630575 64.974464
-18.615976 64.973709
-18.601044 64.967125
-18.600445 64.964874
-18.602200 64.960938
-18.603083 64.958603
-18.595072 64.956688
-18.588913 64.957947
-18.573444 64.959160
-18.569691 64.955818
-18.566368 64.952133
-18.567507 64.947289
-18.567343 64.944504
-18.567780 64.943710
-18.555161 64.939545
-18.550577 64.935677
-18.535019 64.930687
-18.526428 64.926430
-18.518024 64.923714
-18.512146 64.921638
-18.501150 64.921959
-18.496756 64.919708
-18.500816 64.917297
-18.495377 64.914581
-18.486891 64.916260
-18.483631 64.910233
-18.480719 64.907982
-18.479540 64.903595
-18.476442 64.900162
-18.478811 64.897850
-18.487034 64.898499
-18.490433 64.897530
-18.484997 64.894737
-18.485043 64.892479
-18.488249 64.890518
-18.489574 64.887573
-18.486872 64.885406
-18.482689 64.883507
-18.478285 64.882149
-18.471571 64.880241
-18.477951 64.877754
-18.485411 64.874023
-18.491793 64.871330
-18.495829 64.870010
-18.502165 64.869576
-18.508545 64.866837
-18.509029 64.863602
-18.503145 64.862495
-18.491755 64.862648
-18.484758 64.864494
-18.473768 64.865623
-18.466833 64.864441
-18.470062 64.861229
-18.479383 64.859100
-18.484055 64.857498
-18.475222 64.856392
-18.466795 64.856010
-18.454596 64.854698
-18.444885 64.855202
-18.436882 64.854813
-18.432838 64.847000
-18.432531 64.841690
-18.433691 64.836853
-18.434082 64.828613
-18.434597 64.824310
-18.435528 64.820274
-18.440844 64.817871
-18.442814 64.814384
-18.446468 64.810822
-18.448837 64.808311
-18.453415 64.810745
-18.459324 64.810051
-18.465908 64.807213
-18.474152 64.805450
-18.482624 64.802689
-18.482689 64.799477
-18.478966 64.796219
-18.475281 64.791267
-18.469479 64.787033
-18.465609 64.780914
-18.464008 64.776978
-18.466415 64.772408
-18.467403 64.765228
-18.468956 64.761208
-18.469671 64.757095
-18.476688 64.752884
-18.482229 64.748871
-18.484816 64.745567
-18.490154 64.741013
-18.493170 64.737083
-18.499809 64.730286
-18.502609 64.726524
-18.503328 64.721863
-18.507620 64.716759
-18.512114 64.712112
-18.519913 64.709999
-18.528969 64.707794
-18.536993 64.704666
-18.545834 64.702637
-18.555933 64.700516
-18.564989 64.698029
-18.577787 64.697266
-18.592461 64.697128
-18.606281 64.698059
-18.617596 64.698280
-18.627422 64.699913
-18.635159 64.701279
-18.637836 64.704697
-18.638840 64.707832
-18.643625 64.710541
-18.641056 64.714310
-18.635344 64.717705
-18.639908 64.721298
-18.648697 64.722931
-18.658974 64.723053
-18.666979 64.720642
-18.672251 64.718498
-18.675640 64.715912
-18.680485 64.714226
-18.680323 64.710457
-18.688101 64.708855
-18.689386 64.706703
-18.679106 64.707222
-18.676201 64.704872
-18.670952 64.705406
-18.661314 64.704941
-18.655886 64.703224
-18.663891 64.700371
-18.674391 64.698875
-18.678589 64.698433
-18.685102 64.697113
-18.693274 64.697395
-18.695187 64.695145
-18.689966 64.693604
-18.687487 64.690727
-18.690861 64.689041
-18.696936 64.689140
-18.702600 64.688530
-18.693424 64.684998
-18.697229 64.682152
-18.702877 64.682884
-18.709589 64.682083
-18.710461 64.679115
-18.705688 64.675346
-18.698359 64.675247
-18.692280 64.675674
-18.684544 64.674675
-18.679117 64.673218
-18.671135 64.675186
-18.663183 64.674629
-18.657564 64.672005
-18.653435 64.667778
-18.650213 64.658356
-18.652565 64.654778
-18.659359 64.647438
-18.669464 64.642708
-18.683716 64.640419
-18.695873 64.638191
-18.711157 64.636703
-18.714466 64.639931
-18.721779 64.640663
-18.730131 64.641953
-18.735308 64.646980
-18.736723 64.651642
-18.734171 64.655495
-18.734343 64.658997
-18.742054 64.662163
-18.748764 64.660995
-18.752142 64.658142
-18.748833 64.654190
-18.744682 64.650757
-18.749535 64.646904
-18.758545 64.645409
-18.768377 64.645248
-18.777378 64.644814
-18.782812 64.645279
-18.790127 64.646179
-18.792589 64.651649
-18.794445 64.655060
-18.795042 64.658752
-18.798571 64.662239
-18.793962 64.662514
-18.791859 64.663933
-18.797068 64.666733
-18.801453 64.668076
-18.805407 64.671227
-18.812956 64.669624
-18.825729 64.669464
-18.826332 64.673042
-18.829029 64.676636
-18.836338 64.679611
-18.842419 64.678802
-18.849339 64.677475
-18.856461 64.677383
-18.864424 64.676414
-18.872583 64.678032
-18.879297 64.675880
-18.874491 64.673912
-18.870533 64.670235
-18.870760 64.667084
-18.868889 64.664574
-18.862204 64.662422
-18.856573 64.658905
-18.853872 64.655510
-18.853899 64.651291
-18.858948 64.646988
-18.865433 64.646812
-18.869400 64.648338
-18.873783 64.650139
-18.878185 64.648712
-18.886568 64.645569
-18.888884 64.642891
-18.889734 64.639854
-18.889328 64.637589
-18.896023 64.636894
-18.898315 64.638412
-18.903557 64.635826
-18.906702 64.633492
-18.915071 64.632164
-18.923435 64.632072
-18.930962 64.632431
-18.937441 64.633331
-18.942034 64.636024
-18.947472 64.635658
-18.953115 64.636475
-18.955828 64.638901
-18.955193 64.642136
-18.954554 64.646790