> HRUTFELL   75  10           
-19.777084 64.727043
-19.776121 64.730095
-19.774504 64.732330
-19.774977 64.734222
-19.777147 64.736816
-19.776176 64.739609
-19.771210 64.742226
-19.767048 64.743591
-19.765430 64.745842
-19.763811 64.748001
-19.763012 64.749535
-19.761583 64.751053
-19.755915 64.751091
-19.757282 64.755020
-19.760296 64.757706
-19.762899 64.760750
-19.754978 64.763023
-19.750332 64.762138
-19.747755 64.760101
-19.743294 64.758240
-19.743839 64.755096
-19.740639 64.753227
-19.737829 64.750191
-19.733847 64.750481
-19.729530 64.754097
-19.723284 64.756187
-19.718508 64.758369
-19.713266 64.758751
-19.716347 64.756035
-19.722586 64.753586
-19.726097 64.751335
-19.727297 64.748993
-19.726612 64.746925
-19.721397 64.748299
-19.716621 64.750381
-19.714584 64.752823
-19.708519 64.753838
-19.706354 64.751335
-19.708817 64.748993
-19.712107 64.746284
-19.706913 64.748459
-19.702127 64.750267
-19.697300 64.750381
-19.697451 64.747971
-19.699688 64.745094
-19.703629 64.743187
-19.711781 64.741707
-19.705692 64.741730
-19.700857 64.741501
-19.701649 64.739609
-19.705797 64.737602
-19.711008 64.736160
-19.709270 64.733826
-19.705463 64.732681
-19.699804 64.732971
-19.698898 64.730377
-19.698822 64.727333
-19.700874 64.725426
-19.706106 64.724953
-19.711559 64.724846
-19.715279 64.722588
-19.721733 64.720665
-19.724710 64.722267
-19.728706 64.722610
-19.733965 64.723129
-19.738966 64.721848
-19.744190 64.721107
-19.748003 64.722427
-19.749947 64.724487
-19.753803 64.727425
-19.757145 64.726868
-19.762564 64.725487
-19.773060 64.725716
-19.778530 64.726227
-19.777084 64.727043