> KALDAKLO   33  17           
-19.134684 63.893291
-19.135303 63.895615
-19.129808 63.895615
-19.119228 63.897240
-19.123716 63.899666
-19.134308 63.901093
-19.142870 63.903229
-19.150824 63.906181
-19.157534 63.904118
-19.166880 63.899979
-19.161566 63.895950
-19.157894 63.894432
-19.160114 63.890839
-19.155209 63.886189
-19.149099 63.885471
-19.143806 63.884842
-19.152336 63.881348
-19.147047 63.881435
-19.139122 63.883587
-19.134232 63.881714
-19.135231 63.877773
-19.141119 63.874897
-19.142731 63.871395
-19.128105 63.875984
-19.115490 63.875267
-19.105324 63.876633
-19.098417 63.880035
-19.108809 63.884796
-19.110039 63.888004
-19.109852 63.893032
-19.117580 63.891235
-19.128973 63.890327
-19.134684 63.893291