> LANGJOKU  510   7           
-20.553411 64.591133
-20.556889 64.589828
-20.559872 64.587204
-20.560789 64.584953
-20.567358 64.583000
-20.570335 64.583946
-20.575369 64.584351
-20.579903 64.583313
-20.584061 64.583000
-20.585585 64.580467
-20.587589 64.579018
-20.590389 64.580513
-20.593904 64.579933
-20.597555 64.578094
-20.599714 64.579338
-20.604784 64.580353
-20.612497 64.580177
-20.619404 64.580460
-20.622511 64.580070
-20.627909 64.579567
-20.628407 64.580910
-20.625586 64.582642
-20.628613 64.584404
-20.634401 64.586945
-20.640146 64.588760
-20.643406 64.590874
-20.647274 64.589226
-20.651154 64.587746
-20.652348 64.590248
-20.649544 64.592255
-20.652103 64.593117
-20.662737 64.592819
-20.670641 64.592278
-20.677950 64.592293
-20.681164 64.593597
-20.673653 64.597176
-20.671114 64.600090
-20.669283 64.604317
-20.666126 64.607399
-20.663563 64.609940
-20.658180 64.607307
-20.652164 64.604591
-20.645815 64.603241
-20.641237 64.603554
-20.641575 64.605698
-20.647476 64.606529
-20.646978 64.608696
-20.646469 64.610672
-20.647659 64.613083
-20.647535 64.614525
-20.635876 64.611778
-20.632053 64.610741
-20.629194 64.608345
-20.624277 64.610023
-20.622150 64.612915
-20.623171 64.616043
-20.628155 64.619034
-20.630753 64.620529
-20.627930 64.622276
-20.624521 64.621223
-20.618172 64.623444
-20.613836 64.624397
-20.613518 64.626106
-20.610880 64.627487
-20.604406 64.627640
-20.606461 64.630569
-20.606356 64.632370
-20.603132 64.634483
-20.607016 64.636497
-20.605463 64.638580
-20.598408 64.639549
-20.590473 64.639809
-20.586279 64.643257
-20.588505 64.645569
-20.593910 64.644989
-20.592592 64.647507
-20.584852 64.651176
-20.580687 64.655167
-20.573227 64.660172
-20.569441 64.663544
-20.569443 64.667221
-20.570408 64.669464
-20.575464 64.673615
-20.561678 64.674294
-20.546885 64.675705
-20.531929 64.678024
-20.522114 64.682335
-20.517719 64.686234
-20.514431 64.691193
-20.511671 64.694374
-20.499641 64.696732
-20.483624 64.699051
-20.472755 64.699692
-20.466738 64.704773
-20.458200 64.701988
-20.449995 64.701431
-20.439970 64.706200
-20.432806 64.709587
-20.413002 64.711914
-20.396366 64.714775
-20.383657 64.716499
-20.371151 64.718147
-20.360796 64.716621
-20.354752 64.713188
-20.347462 64.709938
-20.347958 64.707222
-20.340023 64.707939
-20.335056 64.709328
-20.333502 64.711845
-20.325766 64.712364
-20.322033 64.708900
-20.323193 64.706833
-20.318481 64.704803
-20.314671 64.704025
-20.311659 64.706841
-20.303808 64.709335
-20.299585 64.708733
-20.294117 64.708420
-20.289431 64.711327
-20.284248 64.712631
-20.281240 64.711128
-20.274323 64.711197
-20.270533 64.710869
-20.267349 64.705505
-20.259157 64.705215
-20.263210 64.711288
-20.265665 64.714485
-20.258532 64.714455
-20.254827 64.711449
-20.248106 64.711235
-20.241264 64.712997
-20.242899 64.716660
-20.249912 64.718666
-20.251728 64.721703
-20.246578 64.723808
-20.246500 64.726669
-20.255272 64.730370
-20.259007 64.734016
-20.262344 64.738129
-20.264048 64.743210
-20.262661 64.749603
-20.253511 64.756218
-20.237110 64.760574
-20.221516 64.764290
-20.210224 64.765541
-20.193600 64.769897
-20.176764 64.769409
-20.168194 64.770538
-20.159569 64.770340
-20.151648 64.771935
-20.147757 64.764328
-20.139326 64.768791
-20.131422 64.770836
-20.122343 64.769821
-20.120489 64.765617
-20.121708 64.759415
-20.122126 64.754211
-20.114729 64.747887
-20.104540 64.745186
-20.091011 64.748245
-20.090380 64.753548
-20.088900 64.758575
-20.093428 64.761505
-20.103771 64.762695
-20.108921 64.765343
-20.106167 64.770020
-20.097809 64.771248
-20.091129 64.772469
-20.096035 64.774231
-20.096281 64.780418
-20.097544 64.785690
-20.096899 64.790634
-20.092304 64.796768
-20.097107 64.801117
-20.096886 64.806145
-20.092564 64.808601
-20.096945 64.812866
-20.099581 64.815643
-20.105053 64.815598
-20.105169 64.818459
-20.096991 64.819336
-20.085920 64.816284
-20.077923 64.816338
-20.076992 64.819481
-20.077976 64.823067
-20.084324 64.823830
-20.094276 64.825188
-20.089523 64.827454
-20.083252 64.828690
-20.080006 64.831833
-20.083292 64.835045
-20.077261 64.837051
-20.071896 64.839973
-20.068836 64.842590
-20.070047 64.846619
-20.063549 64.847557
-20.056850 64.848770
-20.052256 64.849884
-20.044128 64.852364
-20.034266 64.853584
-20.027411 64.856339
-20.020056 64.857002
-20.017860 64.860352
-20.013275 64.867554
-20.012405 64.872581
-20.006905 64.877899
-20.001570 64.882080
-19.994108 64.885887
-19.988968 64.889687
-19.984066 64.894287
-19.976025 64.893799
-19.967802 64.894119
-19.960442 64.894981
-19.951801 64.895493
-19.943848 64.897507
-19.937590 64.899788
-19.925442 64.902824
-19.914959 64.905121
-19.910439 64.909019
-19.901169 64.909790
-19.893515 64.908302
-19.884838 64.907822
-19.881554 64.910797
-19.882767 64.915726
-19.873302 64.917122
-19.864218 64.917183
-19.855858 64.913368
-19.848986 64.909813
-19.840027 64.906998
-19.827108 64.905891
-19.819740 64.906738
-19.809557 64.905281
-19.793228 64.903030
-19.780275 64.900574
-19.771341 64.898300
-19.768713 64.894897
-19.764845 64.892509
-19.757933 64.886787
-19.755398 64.878998
-19.757780 64.873528
-19.759583 64.870018
-19.761593 64.866425
-19.758961 64.862747
-19.754025 64.859543
-19.753105 64.856766
-19.754919 64.853706
-19.752071 64.849777
-19.747370 64.847374
-19.744066 64.842102
-19.743736 64.837616
-19.747997 64.831596
-19.753717 64.825020
-19.758633 64.819954
-19.767973 64.815071
-19.777199 64.813774
-19.786068 64.814713
-19.793219 64.814499
-19.794184 64.818810
-19.797258 64.823181
-19.800480 64.825310
-19.803249 64.819199
-19.810776 64.817360
-19.819708 64.820366
-19.828035 64.817177
-19.835232 64.811501
-19.839138 64.808418
-19.828156 64.807129
-19.812397 64.808029
-19.798943 64.808540
-19.790710 64.807686
-19.791603 64.802132
-19.789356 64.797127
-19.781307 64.795181
-19.773521 64.795143
-19.768908 64.795616
-19.764826 64.792572
-19.768486 64.787987
-19.768366 64.783691
-19.769342 64.780983
-19.766308 64.777687
-19.764956 64.774376
-19.766521 64.770142
-19.769381 64.767181
-19.779226 64.766037
-19.784687 64.765923
-19.791658 64.767242
-19.795584 64.764885
-19.794048 64.762650
-19.796511 64.760574
-19.787413 64.758293
-19.785881 64.756134
-19.786200 64.752563
-19.793232 64.748756
-19.797600 64.747299
-19.803207 64.745102
-19.810490 64.742828
-19.815914 64.741638
-19.821093 64.739273
-19.826284 64.737366
-19.832167 64.737503
-19.838272 64.738106
-19.845819 64.737793
-19.848087 64.736435
-19.854536 64.734512
-19.860842 64.734848
-19.864422 64.735176
-19.871326 64.734497
-19.877621 64.734390
-19.883574 64.736763
-19.891764 64.736900
-19.898460 64.736237
-19.901316 64.733704
-19.898233 64.729248
-19.891663 64.727226
-19.887093 64.728668
-19.880192 64.729446
-19.875671 64.725876
-19.867098 64.726814
-19.858927 64.727226
-19.851992 64.726906
-19.844442 64.727043
-19.837671 64.725189
-19.840963 64.723015
-19.841938 64.720589
-19.838923 64.718010
-19.841520 64.713692
-19.851070 64.710487
-19.863575 64.708008
-19.874771 64.704002
-19.879635 64.698669
-19.882418 64.693893
-19.886686 64.689743
-19.890741 64.685509
-19.890842 64.682106
-19.891972 64.678139
-19.891369 64.672401
-19.889750 64.667664
-19.886026 64.662491
-19.883354 64.657471
-19.877815 64.654373
-19.872900 64.651176
-19.876780 64.648102
-19.874855 64.646767
-19.880785 64.642418
-19.890158 64.641205
-19.904610 64.648201
-19.914814 64.653076
-19.932919 64.656296
-19.931789 64.653778
-19.919563 64.651169
-19.916962 64.648399
-19.912050 64.645378
-19.906805 64.638496
-19.906662 64.634102
-19.909683 64.630600
-19.914034 64.629395
-19.913853 64.623848
-19.914791 64.620605
-19.915171 64.619446
-19.922213 64.617516
-19.925510 64.616150
-19.924564 64.612816
-19.929256 64.609390
-19.932926 64.606674
-19.949833 64.606216
-19.954042 64.607170
-19.956627 64.609413
-19.964964 64.608803
-19.958656 64.607681
-19.953945 64.604309
-19.945339 64.603104
-19.936356 64.603065
-19.924276 64.604134
-19.912434 64.606094
-19.900578 64.607681
-19.891169 64.607475
-19.883348 64.604652
-19.880995 64.596237
-19.883741 64.590637
-19.892174 64.586662
-19.907480 64.582352
-19.920542 64.579666
-19.929913 64.579079
-19.954222 64.575882
-19.967981 64.575508
-19.980228 64.573631
-19.992693 64.572121
-20.000093 64.569031
-20.008274 64.564484
-20.013588 64.561493
-20.019289 64.557686
-20.022303 64.554611
-20.023687 64.552521
-20.030510 64.550972
-20.036913 64.549400
-20.042961 64.549446
-20.046783 64.551300
-20.049971 64.547340
-20.053469 64.546135
-20.058762 64.548256
-20.062744 64.548866
-20.063900 64.551811
-20.065022 64.553864
-20.070309 64.555809
-20.075052 64.554420
-20.074562 64.552528
-20.079283 64.550621
-20.083479 64.551323
-20.088856 64.550194
-20.092718 64.547661
-20.088427 64.544540
-20.089092 64.540237
-20.094618 64.537689
-20.099777 64.536392
-20.106256 64.536880
-20.116461 64.536713
-20.120747 64.539642
-20.127037 64.540588
-20.128630 64.543892
-20.129715 64.550079
-20.137360 64.543297
-20.140368 64.540390
-20.135830 64.536476
-20.131466 64.531670
-20.132925 64.526550
-20.139605 64.521843
-20.144707 64.519279
-20.146444 64.515945
-20.150324 64.514130
-20.157110 64.512100
-20.160742 64.509293
-20.166445 64.506287
-20.170307 64.504105
-20.176540 64.503868
-20.182749 64.503021
-20.189381 64.502342
-20.195129 64.505348
-20.196301 64.508385
-20.196856 64.511612
-20.205351 64.510635
-20.210421 64.507561
-20.210442 64.503258
-20.214605 64.498535
-20.232800 64.495895
-20.242321 64.494728
-20.255589 64.493629
-20.269094 64.493248
-20.285376 64.494370
-20.295866 64.496239
-20.304585 64.500206
-20.303755 64.509102
-20.301826 64.516830
-20.299606 64.522758
-20.298660 64.529228
-20.299406 64.536240
-20.300695 64.541504
-20.307434 64.542976
-20.318256 64.542618
-20.326696 64.540382
-20.333536 64.543900
-20.340137 64.546814
-20.352581 64.545448
-20.363012 64.541397
-20.364281 64.533310
-20.364437 64.528015
-20.363964 64.522636
-20.363649 64.516281
-20.362349 64.510994
-20.361597 64.504181
-20.361351 64.499161
-20.362648 64.495934
-20.360653 64.493431
-20.367727 64.489235
-20.390421 64.485435
-20.407591 64.483574
-20.427942 64.482933
-20.454718 64.485817
-20.467203 64.489815
-20.480103 64.493729
-20.490757 64.498367
-20.498604 64.501068
-20.503469 64.506325
-20.508379 64.512383
-20.514877 64.516968
-20.520948 64.521301
-20.522057 64.526321
-20.525328 64.536507
-20.528324 64.541672
-20.528349 64.545906
-20.523159 64.550079
-20.510469 64.554420
-20.500277 64.558746
-20.496864 64.561195
-20.522806 64.551254
-20.532557 64.550339
-20.538929 64.552437
-20.541834 64.555885
-20.545116 64.558655
-20.550348 64.558952
-20.561169 64.554794
-20.574718 64.558342
-20.581501 64.560242
-20.581713 64.563919
-20.578545 64.566910
-20.584801 64.566841
-20.583984 64.570808
-20.579451 64.575424
-20.569445 64.579308
-20.553654 64.584305
-20.553411 64.591133