> MYRDALSJ  366  15           
-19.237013 63.517044
-19.232616 63.520016
-19.230026 63.522705
-19.224426 63.526123
-19.224073 63.532837
-19.215643 63.534290
-19.212658 63.538593
-19.204048 63.543629
-19.194004 63.544727
-19.189962 63.541401
-19.187153 63.541954
-19.182743 63.544201
-19.177311 63.543301
-19.174496 63.543129
-19.171289 63.545288
-19.162041 63.545033
-19.154795 63.542877
-19.152969 63.539570
-19.151550 63.536804
-19.146942 63.539845
-19.144943 63.542358
-19.140913 63.540211
-19.136492 63.540478
-19.134293 63.543537
-19.129480 63.546490
-19.115406 63.546238
-19.110773 63.542820
-19.106941 63.538895
-19.104116 63.534946
-19.100084 63.530815
-19.095856 63.527317
-19.092636 63.524994
-19.089424 63.525703
-19.091845 63.529747
-19.096277 63.534496
-19.095482 63.537624
-19.099911 63.540321
-19.100723 63.543182
-19.094292 63.544090
-19.089865 63.542301
-19.082424 63.540504
-19.064943 63.544643
-19.048658 63.542221
-19.051872 63.539440
-19.056894 63.537468
-19.053875 63.533607
-19.059895 63.527523
-19.050854 63.527336
-19.040810 63.527428
-19.033979 63.527966
-19.026344 63.528408
-19.017101 63.531921
-19.016296 63.537289
-19.018307 63.542412
-19.018507 63.546989
-19.007246 63.549133
-18.998604 63.545914
-18.992975 63.545002
-18.980713 63.545910
-18.972271 63.544643
-18.962425 63.542397
-18.948959 63.541313
-18.943123 63.544357
-18.947332 63.548943
-18.954763 63.552074
-18.966825 63.553871
-18.968025 63.556835
-18.957371 63.555389
-18.949322 63.557281
-18.941872 63.560314
-18.944071 63.564808
-18.937229 63.565872
-18.929382 63.565605
-18.914080 63.569180
-18.920101 63.573215
-18.937599 63.576283
-18.948059 63.577984
-18.939196 63.581215
-18.921671 63.584335
-18.900541 63.582531
-18.905390 63.578312
-18.907623 63.573490
-18.908445 63.569267
-18.898403 63.565311
-18.887362 63.560722
-18.876724 63.556149
-18.869110 63.550930
-18.858454 63.550835
-18.847391 63.551529
-18.833908 63.553127
-18.820004 63.557152
-18.803497 63.559097
-18.787155 63.565086
-18.781059 63.572151
-18.777971 63.580215
-18.777100 63.587837
-18.780466 63.594486
-18.787645 63.603016
-18.799891 63.608322
-18.818386 63.614094
-18.833900 63.614471
-18.856064 63.615303
-18.879429 63.617668
-18.899361 63.622433
-18.905394 63.626019
-18.921312 63.628643
-18.937429 63.632782
-18.951744 63.634224
-18.963636 63.636906
-18.951130 63.637905
-18.939631 63.638866
-18.944862 63.642910
-18.944855 63.646149
-18.934769 63.645596
-18.923487 63.641109
-18.915234 63.636444
-18.906174 63.632488
-18.897917 63.630138
-18.884615 63.628616
-18.874525 63.630581
-18.868046 63.635139
-18.868830 63.639626
-18.872852 63.641697
-18.880503 63.644489
-18.873032 63.645733
-18.864143 63.647697
-18.868765 63.651375
-18.858458 63.654221
-18.844315 63.656631
-18.830767 63.660294
-18.820234 63.665295
-18.820997 63.671585
-18.830259 63.675449
-18.839739 63.677437
-18.855677 63.680771
-18.868391 63.682674
-18.884741 63.685566
-18.904531 63.687634
-18.921701 63.689075
-18.930176 63.692410
-18.917229 63.696083
-18.911751 63.701355
-18.911127 63.705761
-18.903431 63.709068
-18.893301 63.713276
-18.906235 63.715351
-18.906624 63.719387
-18.904791 63.722435
-18.889431 63.719101
-18.876089 63.717388
-18.862940 63.717724
-18.851433 63.714134
-18.837259 63.716713
-18.828320 63.722530
-18.834339 63.729988
-18.841793 63.735195
-18.850863 63.741402
-18.858732 63.745789
-18.865187 63.750015
-18.875309 63.750751
-18.885431 63.751293
-18.885820 63.754612
-18.875269 63.758095
-18.888208 63.763123
-18.894690 63.763950
-18.903990 63.768444
-18.910454 63.773472
-18.920366 63.778496
-18.936163 63.783081
-18.953192 63.784077
-18.968596 63.786606
-18.982382 63.787773
-18.994139 63.791534
-19.006304 63.795300
-19.018270 63.797287
-19.030441 63.798626
-19.048090 63.797989
-19.064924 63.796650
-19.089464 63.795284
-19.104469 63.794029
-19.121902 63.791241
-19.128998 63.790424
-19.127150 63.784241
-19.135662 63.783592
-19.141760 63.787266
-19.151899 63.787357
-19.165276 63.786182
-19.176626 63.785267
-19.187561 63.783012
-19.205181 63.780300
-19.214895 63.777691
-19.224598 63.774078
-19.233482 63.769585
-19.235279 63.766182
-19.245182 63.762848
-19.251232 63.759434
-19.243910 63.755768
-19.248329 63.751270
-19.260061 63.749550
-19.251732 63.746334
-19.244818 63.742584
-19.234261 63.738651
-19.220255 63.733288
-19.217165 63.725399
-19.209253 63.722271
-19.200336 63.719955
-19.202524 63.714108
-19.208570 63.710972
-19.217287 63.713829
-19.214094 63.720104
-19.220625 63.728172
-19.226343 63.735424
-19.241358 63.740349
-19.256767 63.743282
-19.267542 63.748287
-19.283775 63.751919
-19.296341 63.752987
-19.305445 63.751984
-19.315725 63.747379
-19.320736 63.742531
-19.332232 63.738651
-19.342310 63.734962
-19.332558 63.731472
-19.326872 63.729687
-19.313692 63.727207
-19.301142 63.726696
-19.292423 63.724648
-19.289360 63.721699
-19.287716 63.719006
-19.285669 63.716579
-19.295984 63.716484
-19.307528 63.717884
-19.308498 63.713856
-19.310078 63.710182
-19.313480 63.706768
-19.327820 63.705372
-19.337749 63.707348
-19.348267 63.707676
-19.363615 63.706112
-19.364981 63.701977
-19.360291 63.698586
-19.353617 63.698338
-19.350615 63.700851
-19.337694 63.702492
-19.336847 63.699081
-19.343269 63.695038
-19.340586 63.690025
-19.335314 63.688412
-19.325600 63.687008
-19.322121 63.682793
-19.331987 63.679909
-19.340679 63.680428
-19.354441 63.682541
-19.375292 63.685997
-19.378483 63.682838
-19.371183 63.680634
-19.363270 63.677685
-19.367672 63.674263
-19.355787 63.676891
-19.342655 63.676556
-19.338177 63.673531
-19.343380 63.669308
-19.344549 63.665703
-19.338467 63.663300
-19.347708 63.659500
-19.343632 63.656120
-19.320215 63.655636
-19.334114 63.653271
-19.350080 63.655212
-19.362410 63.656708
-19.368708 63.660007
-19.381687 63.664814
-19.382553 63.669296
-19.392294 63.673038
-19.397490 63.668900
-19.389961 63.664520
-19.386850 63.658253
-19.387995 63.653046
-19.370167 63.647522
-19.355194 63.643894
-19.365030 63.639999
-19.382404 63.642036
-19.392136 63.645672
-19.391195 63.650894
-19.397079 63.653286
-19.404684 63.648602
-19.417784 63.647575
-19.433308 63.646641
-19.441105 63.641880
-19.442099 63.640888
-19.443581 63.632092
-19.431633 63.628719
-19.422733 63.626682
-19.412279 63.628948
-19.397335 63.627201
-19.421450 63.621574
-19.427448 63.618137
-19.415495 63.613689
-19.408779 63.609055
-19.399008 63.601547
-19.391094 63.597073
-19.376751 63.593712
-19.359829 63.593216
-19.346373 63.596294
-19.337051 63.591198
-19.345049 63.586246
-19.345001 63.582047
-19.345758 63.577827
-19.341286 63.573967
-19.330919 63.582874
-19.319294 63.587559
-19.310274 63.591610
-19.297028 63.596027
-19.300375 63.588326
-19.310165 63.580940
-19.313124 63.575115
-19.313477 63.570259
-19.312227 63.566132
-19.318399 63.560028
-19.328209 63.555710
-19.334387 63.550579
-19.339767 63.546440
-19.352020 63.545521
-19.363266 63.544502
-19.372681 63.541790
-19.382294 63.538990
-19.390276 63.534569
-19.391424 63.530170
-19.378725 63.526894
-19.372108 63.528076
-19.365322 63.531681
-19.358286 63.531429
-19.359251 63.528019
-19.352634 63.529194
-19.339424 63.533791
-19.335030 63.536133
-19.326414 63.538586
-19.319185 63.539131
-19.315544 63.536816
-19.310389 63.543629
-19.300613 63.551277
-19.299259 63.556770
-19.294872 63.560619
-19.288076 63.565109
-19.286310 63.569874
-19.274494 63.575996
-19.271814 63.569000
-19.277796 63.562881
-19.274954 63.559933
-19.268305 63.558784
-19.260046 63.557266
-19.265825 63.551167
-19.260012 63.553150
-19.254208 63.556385
-19.238132 63.558300
-19.231497 63.558483
-19.229445 63.552826
-19.230213 63.548080
-19.230970 63.541805
-19.234560 63.537952
-19.240145 63.532372
-19.234337 63.535069
-19.234489 63.528614
-19.238058 63.522427
-19.239025 63.517406
-19.237013 63.517044