> SNAEFELL   58   6           
-23.829256 64.826683
-23.828146 64.824028
-23.826458 64.820473
-23.823185 64.817535
-23.820526 64.814476
-23.815475 64.813370
-23.816818 64.811440
-23.817215 64.807755
-23.816704 64.804886
-23.820793 64.802940
-23.821848 64.799400
-23.820839 64.796097
-23.817827 64.793419
-23.812412 64.791443
-23.804722 64.789703
-23.798615 64.787376
-23.795361 64.785690
-23.788750 64.785278
-23.785902 64.783485
-23.781887 64.783417
-23.770718 64.785851
-23.763653 64.790047
-23.756077 64.792526
-23.751760 64.794380
-23.744692 64.794968
-23.739655 64.798721
-23.736925 64.802399
-23.732693 64.803520
-23.720741 64.807602
-23.716539 64.811333
-23.713425 64.814026
-23.712120 64.818665
-23.713360 64.822128
-23.717203 64.824791
-23.723007 64.826591
-23.728415 64.827324
-23.733528 64.828781
-23.734306 64.830818
-23.731096 64.832985
-23.736217 64.833275
-23.742613 64.833618
-23.747398 64.833191
-23.751268 64.831169
-23.757763 64.830879
-23.760054 64.831886
-23.759834 64.834229
-23.765274 64.835144
-23.773258 64.834885
-23.780983 64.834366
-23.789595 64.834076
-23.798962 64.835670
-23.804890 64.835747
-23.810390 64.833412
-23.817390 64.831207
-23.822611 64.829689
-23.828138 64.828697
-23.829790 64.826118
-23.829256 64.826683