> THORISJO   94   8           
-20.732071 64.559547
-20.729733 64.562187
-20.733711 64.565720
-20.736557 64.567841
-20.738514 64.569084
-20.732229 64.568718
-20.727608 64.568214
-20.729660 64.570976
-20.731915 64.573631
-20.727201 64.575050
-20.722788 64.574554
-20.719074 64.571907
-20.716370 64.568718
-20.710629 64.566978
-20.702030 64.566261
-20.696087 64.568031
-20.695189 64.570381
-20.696419 64.573425
-20.697798 64.575470
-20.694609 64.577927
-20.688143 64.578011
-20.682049 64.577347
-20.676126 64.576073
-20.673450 64.573227
-20.670933 64.569572
-20.670040 64.565193
-20.668884 64.563316
-20.668524 64.560814
-20.667971 64.558571
-20.663271 64.556747
-20.658566 64.554832
-20.658005 64.552414
-20.656132 64.549019
-20.652241 64.546738
-20.647032 64.546791
-20.638868 64.546249
-20.642090 64.544327
-20.648523 64.543808
-20.649666 64.542000
-20.646914 64.541313
-20.645355 64.539635
-20.639864 64.538422
-20.633406 64.538506
-20.632429 64.536102
-20.634197 64.534279
-20.643131 64.533829
-20.646955 64.531532
-20.646624 64.529488
-20.650078 64.528000
-20.648897 64.525688
-20.656382 64.525429
-20.660284 64.524483
-20.662477 64.522842
-20.663618 64.521034
-20.666468 64.519936
-20.669300 64.518547
-20.675987 64.518913
-20.682249 64.519112
-20.686741 64.517632
-20.689342 64.519302
-20.695850 64.520134
-20.700485 64.520973
-20.707546 64.520630
-20.714798 64.519997
-20.721167 64.518585
-20.725395 64.519600
-20.727623 64.521927
-20.732626 64.521950
-20.739399 64.520348
-20.747168 64.521324
-20.749556 64.522827
-20.757841 64.522095
-20.764561 64.522926
-20.768417 64.524582
-20.772274 64.526237
-20.779381 64.529823
-20.784079 64.531570
-20.788696 64.535278
-20.787060 64.538979
-20.784382 64.542686
-20.778683 64.544815
-20.772120 64.546509
-20.766760 64.547478
-20.763546 64.549400
-20.756142 64.551003
-20.748505 64.552269
-20.745905 64.554001
-20.745901 64.557236
-20.745670 64.560204
-20.741350 64.561142
-20.737490 64.559479
-20.734262 64.557907
-20.731817 64.558823
-20.732071 64.559547