> THRANDAR   41  18           
-14.957872 64.720924
-14.962185 64.716019
-14.967636 64.710510
-14.963213 64.704987
-14.957750 64.698013
-14.951522 64.693344
-14.938990 64.687340
-14.929929 64.683411
-14.922218 64.678871
-14.912413 64.675728
-14.905494 64.672928
-14.899797 64.668999
-14.886625 64.670059
-14.883512 64.672577
-14.874208 64.673035
-14.864922 64.674751
-14.858351 64.677887
-14.855083 64.681396
-14.851130 64.685226
-14.843246 64.688705
-14.839262 64.691368
-14.840229 64.695984
-14.852653 64.697136
-14.851124 64.700241
-14.847029 64.703629
-14.848495 64.706375
-14.854708 64.709694
-14.861585 64.710068
-14.869802 64.711288
-14.878447 64.715218
-14.885068 64.718636
-14.887087 64.721939
-14.890194 64.724991
-14.896719 64.727692
-14.906450 64.728668
-14.919752 64.728325
-14.930787 64.730438
-14.940468 64.728996
-14.947121 64.725311
-14.952415 64.720871
-14.957872 64.720924