> TINDFJAL   77  13           
-19.578672 63.773777
-19.583624 63.778149
-19.581661 63.781380
-19.580103 63.784542
-19.576900 63.786606
-19.569201 63.786903
-19.564295 63.784958
-19.559839 63.785149
-19.556229 63.787212
-19.557087 63.789726
-19.554094 63.792248
-19.546192 63.792641
-19.544514 63.789692
-19.536936 63.785683
-19.530245 63.785709
-19.522148 63.786461
-19.526844 63.788231
-19.534782 63.789806
-19.535093 63.795723
-19.536192 63.800301
-19.543356 63.803776
-19.549252 63.804382
-19.557550 63.803276
-19.564270 63.804501
-19.570147 63.804115
-19.578867 63.803913
-19.589191 63.802799
-19.595104 63.804207
-19.587828 63.805580
-19.579117 63.806332
-19.572838 63.806896
-19.569859 63.810127
-19.559093 63.809723
-19.553772 63.807312
-19.546867 63.807087
-19.543079 63.810680
-19.549236 63.814247
-19.557390 63.816097
-19.563728 63.818489
-19.570118 63.823414
-19.570436 63.818924
-19.574900 63.818817
-19.582075 63.822273
-19.581625 63.820045
-19.588757 63.821350
-19.584372 63.815365
-19.591877 63.815071
-19.598213 63.817196
-19.605568 63.819405
-19.609369 63.816788
-19.612923 63.812019
-19.610430 63.809349
-19.608540 63.806301
-19.606047 63.803524
-19.614561 63.803135
-19.622698 63.804173
-19.631834 63.804409
-19.637892 63.803032
-19.630096 63.799129
-19.634939 63.797935
-19.646318 63.798790
-19.651966 63.797333
-19.645182 63.793312
-19.637194 63.789772
-19.627598 63.786850
-19.622690 63.784904
-19.618179 63.782589
-19.622593 63.780415
-19.617510 63.779728
-19.619688 63.777283
-19.615055 63.778641
-19.610828 63.780102
-19.603624 63.774830
-19.600126 63.772335
-19.592426 63.772362
-19.586796 63.774544
-19.578672 63.773777