> TORFAJOK   51  16           
-18.981604 63.904980
-18.982618 63.907047
-18.976915 63.907494
-18.969788 63.907581
-18.963465 63.912239
-18.965900 63.916363
-18.968750 63.917900
-18.985044 63.919773
-18.998085 63.919426
-19.009291 63.918877
-19.018457 63.917900
-19.021515 63.915573
-19.030682 63.915840
-19.034958 63.913235
-19.043512 63.913067
-19.054106 63.915298
-19.054104 63.912247
-19.050432 63.907589
-19.055113 63.904446
-19.058361 63.897266
-19.061611 63.892696
-19.062214 63.886597
-19.059158 63.884624
-19.052851 63.884808
-19.053049 63.880512
-19.046133 63.880512
-19.041044 63.877357
-19.048365 63.874851
-19.041040 63.873226
-19.031279 63.874592
-19.024769 63.873859
-19.014803 63.875751
-19.015209 63.872883
-19.008091 63.871796
-18.995886 63.874401
-18.993246 63.871181
-18.982872 63.872337
-18.982868 63.874481
-18.984283 63.880402
-18.980820 63.883995
-18.977356 63.886501
-18.971252 63.886242
-18.959856 63.886414
-18.953741 63.890629
-18.956984 63.896816
-18.956974 63.900940
-18.960222 63.904980
-18.969795 63.903713
-18.977943 63.901665
-18.984457 63.903374
-18.981604 63.904980