> TUNGNAFE   97  12           
-17.973711 64.696983
-17.970104 64.698135
-17.968954 64.700729
-17.965458 64.698990
-17.957804 64.701721
-17.953121 64.703476
-17.945038 64.706383
-17.943205 64.710320
-17.933676 64.712578
-17.924959 64.715477
-17.917679 64.719101
-17.918764 64.723328
-17.913933 64.728584
-17.907885 64.732758
-17.900223 64.735291
-17.889782 64.738983
-17.879202 64.740967
-17.869854 64.743492
-17.861113 64.746552
-17.853104 64.752068
-17.844557 64.755409
-17.833332 64.757469
-17.823765 64.760002
-17.812185 64.765198
-17.810352 64.768585
-17.813177 64.771210
-17.805912 64.773834
-17.799494 64.776299
-17.795992 64.779327
-17.800175 64.779808
-17.806042 64.780304
-17.806747 64.783264
-17.816504 64.781464
-17.823471 64.780807
-17.831812 64.782394
-17.835482 64.785019
-17.843113 64.783653
-17.851231 64.785606
-17.858187 64.785202
-17.863783 64.787125
-17.870646 64.788979
-17.882683 64.787811
-17.894920 64.786926
-17.903152 64.786179
-17.910147 64.784882
-17.915977 64.781158
-17.923286 64.777260
-17.926537 64.774872
-17.936045 64.773682
-17.935251 64.772522
-17.939171 64.769142
-17.948189 64.769646
-17.948505 64.772255
-17.954927 64.774635
-17.966177 64.777229
-17.973331 64.777092
-17.972122 64.775749
-17.980194 64.773567
-17.975399 64.772530
-17.980309 64.770599
-17.973248 64.768394
-17.962811 64.766624
-17.966740 64.762871
-17.970968 64.756805
-17.972176 64.752769
-17.979174 64.751038
-17.990786 64.754967
-18.000923 64.759071
-17.997540 64.754120
-17.993504 64.749794
-17.988174 64.746346
-17.988117 64.742401
-17.995474 64.742172
-18.004917 64.742325
-17.998928 64.739693
-18.015240 64.741409
-18.018084 64.738297
-18.009989 64.735802
-18.004190 64.733719
-18.002840 64.730568
-18.010046 64.728737
-18.005480 64.727364
-18.003876 64.725365
-18.018011 64.723305
-18.013447 64.721939
-18.008327 64.718575
-18.002722 64.717018
-17.997396 64.708092
-17.991369 64.712181
-17.987268 64.715210
-17.982586 64.711502
-17.985666 64.702286
-17.981295 64.706917
-17.975025 64.711800
-17.970154 64.707649
-17.973503 64.702385
-17.973711 64.696983